4373.611791039951
4005.701112368879
3747.9536938806737
3365.0942279281635
3053.718137660052
2884.2764306349504
2854.4873699496225
2919.873498203861
3027.692197397587
3134.9728566983285
3214.366902603181
3253.748708164786
3253.2790140545385
3221.619606833957
3171.7870843135047
3116.606339128974
3063.7857945275855
3014.4132591727202
2966.6824233445345
2921.2465359462617
2884.266776549166
2864.5429885060107
2865.049166390185
2878.275321234078
2890.250928706169
2889.755698457368
2875.536165491567
2855.7290250947667
2841.256114203217
2838.5599037156085
2845.909320994685
2854.357999441403
2854.2931333558545
2841.701789631052
2820.2209452803663
2799.6145935621207
2790.1653065461305
2796.4519051912944
2814.1519660626036
2830.710340713071
2833.493076937186
2816.0609071818335
2783.4815483457214
2750.7979830934
2734.4717482707792
2744.789412013976
2778.7342097511273
2817.2743416709345
2838.3534015606447
2828.0867619641995
2788.7391539005976
2738.6339611693725
2702.843940462536
2700.5222784930556
2734.0542883460002
2785.774400256885
2828.2272219491742
2837.020082508368
2800.650652563079
2736.3246625315733
2681.622020004562
2670.806216862632
2714.03384684043
2787.842881155829
2847.927921434282
2863.454539837894
2829.6834527787423
2768.496635313561
2715.57479460642
2699.228021071796
2726.440536574283
2781.865396936377
2833.901912039291
2852.8887966079087
2831.7563304595337
2777.8981020978117
2721.0742753237564
2697.7517496489627
2727.1974811914292
2792.028350497458
2855.5873236693774
2880.2684374845244
2846.653916464163
2779.5342027047845
2726.20206994983
2726.487168763565
2787.5619024367043
2878.9059825736153
2950.948259362075
2961.2248312591164
2897.214792438215
2786.243382751261
2692.7043146721007
2674.328461272459
2752.4473164871224
2891.2969724601785
3009.361849019484
3029.7900129091818
2933.6719562761664
2789.2172086180094
2680.4302977898365
2678.3181791395077
2793.150313692021
2971.784137825915
3127.6511751301787
3184.905058459656
3113.175899272896
2942.384287803432
2754.0077192029426
2648.082987563073
2693.76525187962
2889.4825678075595
3122.610324108012
3258.5443024155334
3209.9266603165865
2999.1947728945074
2752.6996610846145
2634.0230772370132
2734.835251136439
2991.2420371067046
3265.3648666349736
3419.7158332821177
3383.9720760082937
3181.680801828407
2918.1783242684432
2732.7962854581265
2732.115339091416
2931.0778777435767
3231.267163080835
3473.6313285816746
3518.5320413956197
3319.255585277719
2980.308476584073
2710.4450588207
2692.1406793257984
2950.7731988182913
3354.9382749072515
3689.290792087988
3790.7211281641676
3611.683926391017
3240.0962500118785
2862.1496867196925
2686.092792216345
2828.4010351707616
3234.757619094945
3696.8747141705517
3967.3167480797238
3896.8930535481695
3510.6320045394705
3013.9902262667365
2693.048139940929
2741.852301401161
3143.3892753283017
3701.9677468918876
4145.478598542462
4270.038548387364
4016.1392467041546
3491.993135654644
2945.4334336679785
2666.4268349942136
2837.423621267688
3388.843520577545
4033.7683278283657
4433.512786291908
4377.754895061751
3887.543090289283
3226.755179913824
2771.6769152471593
2783.8453913364433
3255.8154680117013
3949.704993887799
4547.3712195324315
4790.509471657611
4573.584343103878
3976.1836266217906
3252.195605811435
2751.5024775872016
2765.9266787402653
3335.06649874828
4172.08430169907
4829.449550153539
4963.3679388889705
4494.10520896711
3664.611987841757
2947.0408602915018
2743.56143236676
3154.8951403083474
3963.8782816525236
4797.494074181674
5306.716492354943
5290.67626572912
4750.477444231314
3894.006307201757
3088.129391391446
2722.587092195122
3031.1567060486323
3893.9809972181874
4877.209540381065
5478.225351129985
5384.467153468092
