6148.790264046838
4627.958391545314
3265.195251602988
2647.8772661270255
2417.181424644356
2299.9741083976573
2197.3641897892126
2084.9267999281155
1958.5471245456727
1824.1842848157646
1684.1265527297064
1545.0248164530894
1415.673780439677
1296.771587049114
1189.6742832782231
1090.4239162833185
1001.7055968220309
916.5232810612927
840.0381878215585
777.533145048783
713.924674814398
655.5832759412727
604.3345324473903
558.0842397723334
517.0929200285312
479.91543973143416
443.6187353198234
406.53232571362537
381.5725281686445
351.4964833294444
337.29641733466804
314.44911710256747
297.0654275449301
279.2224300956985
266.82999894995436
256.93602408441114
251.18653161237705
237.25738860898724
236.68524455219733
232.12925382736515
229.7799041515741
222.58647032286945
216.98989388669045
207.34033805441214
210.01664049826906
204.6580115494448
206.5699805081748
205.5346758438259
205.9293215652323
204.7106819149438
205.12631563891964
205.3701562795551
206.85650197073747
208.82915673338323
210.81020068901768
212.9712185854466
215.90966932253528
218.74708659898388
221.5051311824143
224.1881616517289
226.74087494794216
229.15420236172903
231.38679254660994
233.44371566915996
235.35562737768163
237.10552627152038
238.70136293204536
240.16096330119103
241.49366282293911
242.7288551315731
243.84355891912168
244.84878528818854
245.7580576382867
246.58277274674654
247.3321675001598
248.12561765459955
248.8872851668786
249.57627727912976
250.20022810442893
250.76178380460235
251.2671839143238
251.72204400355457
252.13141807966878
252.49985474653275
252.8324550106421
253.13239352682476
253.4023381916683
253.64546277219435
253.86504486821863
254.0630840076901
254.24136210056056
254.4018123843541
254.54679368705447
254.67754739621984
254.79522573458496
254.9011362392079
254.9964556934453
255.08224320232122
255.15945196036003
255.22893984263595
255.29147893671725
255.34776412141736
255.39842078766924
255.44401178731349
255.48504368700756
255.52197239674393
255.55520823551586
255.58512049041823
255.61204151983662
255.63627044631792
255.65807648015533
255.67770191061223
255.695364798026
255.71126139670042
255.7255683355094
255.73844458043874
255.75003320087632
255.76046295927102
255.76984974182707
255.77829784612803
255.78590113999942
255.7927441044841
255.79890277252056
255.80444557375372
255.80943409486375
255.81392376386293
255.81796446596232
255.82160109785187
255.8248740665527
255.82781973838334
255.8304708430311
255.83285683721402
255.83500423197873
255.83693688726714
255.83867627702656
255.84024172781005
255.8416506335153
255.84291864865006
255.84405986227125
255.84508695453042
255.8460113375636
255.84684328229358
255.84759203255044
255.8482659077817
255.84887239548982
255.84941823442708
255.8499094894706
255.85035161900987
255.85074953559516
255.85110766052196
255.85142997295608
255.85172005414677
255.85198112721844
255.85221609298281
255.85242756217087
255.85261788444
255.85278917448235
255.85294333552045
255.85308208045467
255.85320695089547
255.8533193342922
255.8534204793493
255.85351150990067
255.8535934373969
255.85366717214353
255.8537335334154
255.8537932585602
255.8538470111905
255.85389538855773
255.85393892818823
255.85397811385576
255.85401338095642
255.8540451213471
255.8540736876987
255.8540993974151
255.85412253615985
255.85414336103022
255.85416210341347
255.85417897155838
255.85419415288888
255.8542078160863
255.85422011296393
255.85423118015385
255.85424114062477
255.85425010504858
255.85425817303002
255.85426543421335
255.8542719692783
255.85427785083672
255.85428314423933
255.85428790830176
255.85429219595778
255.8542960548484
255.8542995278498
255.8543026535511
255.85430546668232
255.85430799850042
255.85431027713665
255.85431232790935
255.8543141736046
