4397.395676600505
4293.927808984259
4225.1895143964275
4171.442593446249
4126.504193030623
4087.514581337541
4052.8786196014394
4021.6007085766314
3993.0108529502336
3966.6330358609925
3942.1149046115697
3919.187132558873
3897.638466656502
3877.299646462229
3858.032623429621
3839.723091639457
3822.2751667833954
3805.607503906567
3789.6504056337367
3774.3436287591217
3759.634693703219
3745.4775628620705
3731.831594100832
3718.660702545718
3705.932682203593
3693.61865172088
3681.6925976395332
3670.1309950072737
3658.9124899361336
3648.0176321998933
3637.4286485731673
3627.1292495877087
3617.10446388689
3607.340495518721
3597.824600408849
3588.5449789608083
3579.4906822882167
3570.6515300267847
3562.0180380289676
3553.5813545299625
3545.3332036056736
3537.2658349322023
3529.3719790114246
3521.644807154785
3514.0778956232016
3506.665193408819
3499.4009932178265
3492.2799052751284
3485.296833623558
3478.446954634209
3471.7256974816755
3465.1287263696863
3458.651924319749
3452.291378358586
3446.043365960142
3439.904342615184
3433.870930416338
3427.9399075593874
3422.10819867287
3416.372865897774
3410.731100647717
3405.1802159874887
3399.7176395743786
3394.340907112572
3389.0476562759045
3383.8356210588818
3378.702626519777
3373.646583883214
3368.665485972786
3363.7574029470343
3358.9204783146506
3354.1529252069754
3349.4530228878825
3344.8191134829
3340.24959891108
3335.7429380045182
3331.2976438017786
3326.9122810026015
3322.585463572396
3318.315852485908
3314.102153600394
3309.9431156493433
3305.837528348589
3301.784220607216
3297.7820588363243
3293.829945349228
3289.9268168471267
3286.071642984812
3282.2634250112887
3278.50119448063
3274.7840120287274
3271.110966211848
3267.4811724033043
3263.893771744683
3260.3479301484645
3256.842837348932
3253.3777059986332
3249.951770807717
3246.5642877237324
3243.214533149596
3239.9018031975847
3236.6254129773833
3233.3846959162984
3230.179003109899
3227.0077027014686
3223.870179288694
3220.7658333561944
3217.69408073251
3214.6543520703117
3211.6460923486084
3208.668760395858
3205.7218284329256
3202.8047816348712
3199.917117710683
3197.058346500026
3194.2279895862016
3191.425579924549
3188.650661485506
3185.902788911688
3183.1815271882842
3180.4864513261664
3177.817146057115
3175.1732055406223
3172.5542330817234
3169.959840859367
3167.389649664853
3164.843288649899
3162.3203950838847
3159.820614119902
3157.343598569205
3154.8890086837137
3152.456511946215
3150.0457828679405
3147.65650279321
3145.28835971084
3142.941048072037
3140.614268614521
3138.307728192598
3136.021139612963
3133.7542214759915
3131.5066980223087
3129.278298984401
3127.068759443106
3124.8778196887633
3122.70522508685
3120.550725947944
3118.414077401806
3116.2950392754856
3114.193375975234
3112.1088563721282
3110.041253691243
3107.990345404238
3105.955913125251
3103.937742509959
3101.935623157697
3099.949348516524
3097.978715791128
3096.0235258534785
3094.0835831561058
3092.158695647937
3090.2486746925892
3088.353334989034
3086.472494494546
3084.6059743498727
3082.7535988065283
3080.915195156153
3079.0905936618656
3077.279627491533
3075.4821326529136
3073.6979479305814
3071.9269148245976
3070.1688774908616
3068.4236826830884
3066.6911796963545
3064.9712203121667
3063.2636587450074
3061.5683515902997
3059.8851577737523
3058.2139385020455
3056.5545572148067
3054.9068795378334
3053.2707732375484
3051.6461081766092
3050.0327562706743
3048.430591446258
3046.839489599679
3045.2593285570256
3043.6899880351393
3042.131349603574
3040.5832966475014
3039.0457143315334
3037.5184895644456
3036.0015109647543
3034.494668827141
3032.9978550897
3031.510963301956
3030.033888593678
3028.5665276444197
3027.1087786537983
3025.660541312469
