6075.356643655333
5431.5103381976905
5294.585382530348
5167.193699095605
5040.156157053125
4910.621352041766
4777.486695436882
4640.105066723239
4497.94130545358
4351.115955136441
4199.634039455768
4043.3339309148014
3881.6604560889527
3715.5017825531218
3546.1016892653006
3374.403559399994
3203.680860177017
3035.905451101565
2872.506937402509
2713.9747915865914
2561.600626322461
2418.587345684859
2285.7658563083764
2162.428939300049
2046.4680341866567
1938.696517129509
1837.8751255872144
1744.6468847033327
1656.2486085767584
1573.5922655814215
1496.3798384046486
1425.0516951068055
1356.40692593925
1290.8383016619164
1231.9742259223183
1172.844859645839
1117.6713565700747
1065.1142021624335
1015.0105755891443
967.4457574918946
923.1872212599199
882.812544399695
844.1430041198668
809.3486882977325
775.3447698268292
749.591608895731
721.6959650138243
694.3659536891449
665.7460304886145
640.1136518988735
615.9833537725124
597.5726163008717
573.5973266556955
560.7252223477327
533.7972614419339
521.8709702775371
500.35508746591535
487.6082272992933
472.5687280339738
455.84841455131914
446.3786847218847
437.82139794442134
424.21843411100014
414.22939779514223
401.1101043712036
391.11058339712247
387.7748204320399
376.83896102582776
368.3696688564256
366.1757464308804
370.3323042019515
366.8576252029614
317.07461729996874
304.7325890329087
297.38001592764306
296.46192873075194
290.82653514069966
287.9879663320764
282.98977408814494
280.5631646292276
279.09787289919757
282.7038456460065
275.4000857761499
263.9790298637117
258.28751304985167
255.98248927573613
257.14833181603154
254.43607292331495
248.67942688257023
246.22056983215103
245.21818480043606
243.71210908626233
244.22697762611983
242.94201837020935
239.8281854295643
238.80396824197598
237.68200409704764
237.37770933296073
236.54673164609733
236.38803542594766
236.53842258394613
235.03958100189485
233.25577028226863
232.2081050467261
232.07338753885404
232.10601219041965
231.58480741708618
230.47636619742534
230.11146202812708
229.75767852593304
229.8270489616074
229.71178906173193
228.9253702258271
228.71419708388416
228.40235552564863
228.38083288072227
228.2958055252648
228.28246370060782
227.8405361429537
227.98505568846835
228.0214802846891
227.36983792626478
227.1336359804374
227.01999169422135
226.87018053969118
226.81913742136726
226.7670243221237
226.71060893734264
226.6441968340284
226.55713011780105
226.58075322644143
226.4990791239421
226.27883093931933
226.2424434304686
226.17732739771853
226.1418212185856
226.1657250105604
226.09433026212716
225.95307019702463
225.89077624633157
225.8932690562694
225.85677590796084
225.78684271335743
225.7619326154984
225.74509743985567
225.74428597329546
225.73387840834806
225.71541195620992
225.6893998903041
225.6910548011068
225.68161570414122
225.62570338322695
225.5969028565698
225.5761850357919
225.57547131125594
225.56807678171182
225.55263117584747
225.5467677461066
225.53508008441875
225.52490284662989
225.5219521503696
225.49826810874822
225.48966224915657
225.49804111002936
225.4561123616465
225.41448627670064
225.39581842219806
225.37203130134247
225.37880188337658
225.36253668924215
225.33468907834086
225.32701548734866
225.31103393228722
225.31020750071147
225.29776290600887
225.2987322768286
225.29744576310281
225.2706478186807
225.2614584866081
225.25866651498794
225.25332745632758
225.24530238925104
225.24712292091752
225.24443044305607
225.22356951469152
225.22361866000992
225.21738633732915
225.21100935371942
225.20735681597466
225.20515716735397
225.20492720230152
225.20258259451592
225.20106971145952
225.19983481818656
225.1989966219397
225.1971506116298
225.19490627916517
225.19289674049924
225.19367051216136
225.1909412642471
