6055.973519849794
6055.480114920252
6054.782177386971
6053.927188903051
6052.939710231638
6051.835426102767
6050.6254701447215
6049.318273045393
6047.920504779122
6046.437612601534
6044.874153714996
6043.234013554562
6041.520555775849
6039.736729183405
6037.885146297143
6035.968142551886
6033.987821866377
6031.946092368902
6029.844694855005
6027.685225774151
6025.469156027455
6023.197846509389
6020.872561084443
6018.494477518516
6016.064696761599
6013.584250888236
6011.0541099353695
6008.47518782685
6005.848347535732
6003.1744056058515
6000.4541361315
5997.688274275812
5994.877519394476
5992.022537819857
5989.123965351551
5986.1824094920285
5983.198451459884
5980.172648008412
5977.105533072991
5973.997619267483
5970.849399246942
5967.661346951643
5964.433918745343
5961.1675544591
5957.862678350439
5954.5196999865575
5951.139015059028
5947.7210061367905
5944.266043363206
5940.774485102489
5937.246678540103
5933.682960241213
5930.083656670992
5926.449084679939
5922.779551957259
5919.075357454945
5915.3367917849055
5911.564137591344
5907.757669900336
5903.917656448311
5900.044357991153
5896.138028595236
5892.198915911834
5888.22726143604
5884.223300751356
5880.187263760885
5876.119374906115
5872.019853374128
5867.888913293953
5863.72676392288
5859.533609823295
5855.309651030689
5851.055083213401
5846.77009782459
5842.458802930012
5838.126622311621
5833.765130961718
5829.374463632025
5824.954755266934
5820.507380341445
5816.031565705732
5811.52722908765
5806.994494895037
5802.433487683163
5797.844331955438
5793.22715198665
5788.582071666522
5783.909214361695
5779.2087027943535
5774.480658935869
5769.725203913994
5764.9424579322895
5760.132540200541
5755.295568875107
5750.433262144886
5745.544858634829
5740.629908152724
5735.688511040828
5730.72076763736
5725.7267781433575
5720.706642504779
5715.66046030832
5710.588330689618
5705.49035225263
5700.366622999102
5695.217240267093
5690.0423006776755
5684.841900089008
5679.616133556947
5674.365095301674
5669.088878679565
5663.787576159876
5658.461279305668
5653.110078758553
5647.734064226861
5642.333324476816
5636.9079473264355
5631.458019641813
5625.9836273355695
5620.484855367129
5614.961787744723
5609.414507528798
5603.844573234277
5598.251297010773
5592.6342245757005
5586.9934202028635
5581.328948685349
5575.64087520821
5569.9292652345775
5564.194184403935
5558.4356984413635
5552.6538730766915
5546.848773972575
5541.029977324585
5535.203276995975
5529.3548326220625
5523.484594036808
5517.59252174658
5511.6785858452295
5505.743428751123
5499.788141990041
5493.811143516508
5487.812415740367
5481.79194825837
5475.7497371070485
5469.685784087839
5463.600096157657
5457.492684878609
5451.363565921243
5445.212758616154
5439.040285549383
5432.846172197363
5426.630446597642
5420.399133911031
5414.152578451576
5407.885910674953
5401.59871232988
5395.292086783519
5388.965556399888
5382.618486429787
5376.2508449062925
5369.866290907911
5363.461443841208
5357.036220420652
5350.591203261199
5344.131231183081
5337.66121783822
5331.177977738165
5324.676113252122
5318.15537030699
5311.620104090264
5305.069952470628
5298.501359181823
5291.919177331301
5285.319878124948
5278.702671650407
5272.071591934782
5265.422055778199
5258.7557449517135
5252.079149722853
5245.406210836522
5238.728407603196
5232.044518827188
5225.346575908345
5218.6325545626505
5211.903423395589
5205.158029804843
5198.395828275241
5191.64717384352
5184.897700026108
5178.152611562826
5171.392825412075
5164.617943572929
5157.828225586526
5151.028789033937
5144.215838404892
5137.387196769377
5130.542582676581
5123.681745206183
5116.807024318433
