1495.9578498046935
1524.234534613074
1524.082818401116
1524.0096129430945
1523.9331984952344
1523.8531183977593
1523.7691318920374
1523.6810454267586
1523.5886742743944
1523.491831385675
1523.390323632777
1523.283950409382
1523.1725030678917
1523.0557646771183
1522.9335099116267
1522.8055050009775
1522.6715077127965
1522.5312673619705
1522.3845248461244
1522.2310127110661
1522.070455251588
1521.9025686537823
1521.7270611857025
1521.5436334438452
1521.3519786629365
1521.1517830975808
1520.9427264844728
1520.7244825945506
1520.496719885246
1520.2591022632387
1520.0112899693522
1519.7529405974765
1519.4837102601603
1519.2032549144901
1518.9112318621087
1518.6073014381604
1518.291128904377
1517.9623865618764
1517.6207560997902
1517.2659311957677
1516.8976203845573
1516.5155502103744
1516.1194686784613
1515.7091490199296
1515.284393782879
1514.8450392607008
1514.3909602658784
1513.9220752546842
1513.4383518035095
1512.9398124332781
1512.4265407716664
1511.898688036136
1511.3564798116201
1510.8002230871812
1510.2303135038321
1509.6472427523727
1509.0516060449067
1508.4441095661557
1507.8255777916906
1507.196960538509
1506.559339590512
1505.9139347159132
1505.262108867308
1504.6053723270302
1503.945385531992
1503.2839602840554
1502.6230590245164
1501.9647918266178
1501.3114107389426
1500.6653010975917
1500.0289694175935
1499.4050274779352
1498.796172231184
1498.20516120305
1497.6347831010128
1497.0878234300735
1496.567025019521
1496.075043502632
1495.6143979634312
1495.1874171738857
1494.7961820924863
1494.442465579999
1494.1276706082085
1493.8527685864722
1493.6182397995317
1493.4240183255943
1493.2694441663573
1493.153225647369
1493.0734154073593
1493.0274034529218
1493.0119307676716
1493.0231267861795
1493.056573621074
1493.0783688008519
1493.089222367718
1493.0941629211904
1493.096321598158
1493.097242029066
1493.0976267940125
1493.0977843000264
1493.0978471008948
1493.0978712349142
1493.0978799968782
1493.0978828752002
1493.0978836311342
1493.0978836983677
1493.0978835906099
1493.097883472392
1493.0978832867208
1493.0978830329036
1493.097882710037
1493.097882317035
1493.0978818526246
1493.0978813153463
1493.0978807035299
1493.0978800153111
1493.097879248618
1493.0978784011609
1493.0978774704056
1493.0978764536378
1493.0978753478582
1493.0978741498475
1493.0978728561354
1493.0978714629662
1493.0978699663374
1493.0978683619237
1493.0978666451442
1493.0978648110813
1493.0978628544926
1493.0978607698084
1493.0978585511048
1493.0978561920638
1493.097853686021
1493.097851025858
1493.0978482040728
1493.09784521269
1493.0978420432837
1493.0978386869178
1493.097835134161
1493.0978313750243
1493.097827398963
1493.0978231948343
1493.0978187508604
1493.0978140545988
1493.0978090929339
1493.0978038520002
1493.097798317184
1493.0977924730666
1493.0977863033559
1493.0977797908943
1493.097772917594
1493.097765664349
1493.0977580110489
1493.0977499364649
1493.0977414182503
1493.0977324328187
1493.0977229553407
1493.0977129596245
1493.0977024180916
1493.0976913016864
1493.0976795797699
1493.0976672200866
1493.0976541886475
1493.0976404496594
1493.0976259654167
1493.097610696182
1493.0975946001565
1493.0975776332714
1493.0975597491436
1493.097540898919
1493.0975210311778
1493.0975000917588
1493.097478023658
1493.097454766841
1493.0974302581344
1493.0974044310328
1493.0973772155137
1493.0973485379104
1493.0973183206772
1493.0972864822052
1493.0972529366331
1493.0972175936024
1493.0971803580371
1493.0971411299404
1493.0970998040932
1493.0970562698403
1493.0970104107703
1493.0969621044776
1493.0969112222338
1493.0968576286782
1493.0968011815041
1493.0967417311183
1493.096679120269
1493.0966131836904
1493.0965437476953
1493.0964706298048
1493.0963936383105
1493.0963125718338
1493.0962272188622
1493.0961373573155
1493.096042754017
1493.0959431641966
1493.0958383309815
1493.0957279848244
1493.0956118429551
1493.095489608808
1493.0953609713968
1493.0952256047212
1493.0950831671144
1493.0949333006085
1493.0947756302646
1493.0946097634774
1493.0944352892793
1493.094251777688
1493.0940587789105
1493.093855822695
1493.0936424175427
1493.0934180500337
1493.093182184074
1493.0929342601855
1493.0926736947947
1493.092399879557
1493.0921121806673
1493.0918099382566
1493.0914924657777
1493.0911590494356
1493.0908089477452
1493.0904413910364
1493.0900555811947
1493.089650691318
1493.0892258656609
1493.0887802195466
1493.0883128395371
1493.087822783714
1493.087309082162
1493.0867707376276
1493.086206726499
1493.0856159999364
1493.0849974853948
1493.0843500884212
1493.0836726948444
1493.082964173361
1493.0822233785539
1493.0814491543956
1493.080640338325
1493.079795765859
1493.0789142758647
1493.0779947165063
1493.0770359519333
1493.0760368697627
1493.0749963894043
1493.0739134713351
1493.072787127236
1493.071616431282
1493.0704005323232
1493.0691386673295
1493.0678301758755
1493.0664745158158
1493.0650712801562
1493.0636202150881
1493.0621212391973
1493.0605744637894
1493.0589802142931
1493.0573390526013
1493.0556518003277
1493.053919562588
1493.0521437523992
1493.0503261151587
1493.0484687530302
1493.0465741488022
1493.04464518879
1493.0426851841546
1493.0406978902415
1493.0386875229476
1493.0366587716226
1493.0346168074832
1493.032567286605
1493.030516346555
1493.0284705954725
1493.0264370925786
1493.024423318885
1493.022437136936
1493.020486738514
1493.018580579245
1493.0167272992094
1493.0149356288944
1493.013214280039
1493.0115718213287
1493.0100165394106
1493.0085562860831
1493.0071983134771
1493.0059490993403
1493.0048141660063
1493.0037978969442
1493.0029033562723
1493.002132117265
1493.0014841071747
1493.000957476369
1493.0005485005306
1493.0002515252545
