4383.90808451226
4014.408305157333
3527.869580015995
3142.065820661944
2921.2294984080827
2834.3900673394783
2827.8695893952595
2856.574248907478
2890.7979773321026
2914.541875900889
2921.867535261098
2913.4227473699348
2893.269449374438
2865.8933998733282
2834.186197089976
2799.74417075561
2764.840872421866
2733.153820943364
2708.174176445019
2691.0911660151164
2680.338685486594
2672.7864541718673
2665.4731295790248
2657.02278427758
2647.8216722558063
2638.963861244075
2631.1258071929883
2624.299904019172
2618.238741278225
2612.899937702193
2608.489446650893
2605.1903666788826
2602.8716574939085
2601.039818473323
2599.1016334055776
2596.731350252134
2594.0358108129194
2591.404559217352
2589.2004748560084
2587.5346455360223
2586.2525071357686
2585.087176442501
2583.8451773746965
2582.506734019331
2581.20064593076
2580.093149241742
2579.270858524619
2578.6884795946653
2578.205822063453
2577.681979967962
2577.0600129534387
2576.3873300281903
2575.766871015078
2575.2823995339186
2574.9515512325515
2574.730692280058
2574.5552324925957
2574.3795502383327
2574.1913062186495
2574.0001071925935
2573.817863991769
2573.6476373790515
2573.4855452176994
2573.3290055675807
2573.1818594587025
2573.052109881577
2572.9452876634446
2572.8597852526996
2572.787954325891
2572.721488140098
2572.6564356094104
2572.5942243036375
2572.538625737398
2572.4915580605175
2572.451029075397
2572.4125348157545
2572.372564104953
2572.3314398440734
2572.2933836256248
2572.263761997394
2572.2454429470085
2572.236740397205
2572.2322533349993
2572.225908166057
2572.2141285128528
2572.1971942162368
2572.1782479481285
2572.1609521223027
2572.1474432929194
2572.137706629105
2572.130359060959
2572.1239544740665
2572.1178357058275
2572.112135888078
2572.1072195865695
2572.1031514491474
2572.0995856730206
2572.0960521583766
2572.0923263342493
2572.0885774040153
2572.0852133531707
2572.082573497682
2572.0807004053645
2572.079332032491
2572.0780873563067
2572.076697656933
2572.075130098986
2572.073544516357
2572.072141496045
2572.071019746136
2572.07013266608
2572.06935109226
2572.068566849312
2572.0677577497036
2572.066978174804
2572.0662990255623
2572.0657511431564
2572.065311409125
2572.0649308557213
2572.0645737937502
2572.0642364225273
2572.0639362843317
2572.063687815513
2572.0634860739833
2572.0633094401646
2572.063135415
2572.0629551648844
2572.0627763641905
2572.0626143591903
2572.0624797943583
2572.0623716210443
2572.0622790711977
2572.0621896307994
2572.062096765416
2572.0620025169983
2572.06191429708
2572.0618390375316
2572.0617789428875
2572.061731198882
2572.0616908919797
2572.0616543936576
2572.0616207639837
2572.0615907165343
2572.061564610961
2572.0615413694586
2572.0615190797394
2572.061496503056
2572.0614740491105
2572.0614534008655
2572.061436177123
2572.061422751073
2572.061412086676
2572.0614025666064
2572.061393058304
2572.06138342547
2572.0613742436585
2572.0613660974136
2572.061359057174
2572.0613526808656
2572.061346438189
2572.061340169055
2572.0613342264583
2572.0613292274843
2572.061325617836
2572.0613233587837
2572.061321932284
2572.0613206343687
2572.061318947916
2572.061316761514
2572.061314327464
2572.0613120287835
2572.061310130831
2572.061308668952
2572.0613075055953
2572.061306473934
2572.0613054891583
2572.061304562176
2572.0613037368353
2572.061303021843
2572.0613023738133
2572.0613017342016
2572.061301079155
2572.061300438807
2572.0612998738743
2572.061299431998
2572.0612991174653
2572.0612988926996
2572.0612987048385
2572.0612985154685
2572.0612983143988
2572.061298112984
2572.0612979266575
2572.061297760856
2572.061297608825
2572.0612974598357
2572.0612973094408
2572.0612971636006
2572.0612970342695
2572.0612969306576
2572.0612968529977
