4378.5785916853965
4068.52345881817
3962.3414567337986
3873.2304385925295
3793.7723962044342
3721.517099423249
3655.2074232260666
3594.0383372539773
3537.4230935456185
3484.898671591261
3436.0810302795708
3390.6411711504325
3348.2914027628954
3308.776439916903
3271.8676912118744
3237.3588684603533
3205.0631874224227
3174.8106869187027
3146.4466219944566
3119.8294009961523
3094.8297105824645
3071.328882477616
3049.218345677987
3028.3981662512597
3008.7768551445806
2990.2699962713323
2972.800312907657
2956.2962199211916
2940.6914380681665
2925.9254489516807
2911.942143220616
2898.689928638214
2886.1211384427324
2874.1920282445767
2862.861348773061
2852.0915013836325
2841.8472358373647
2832.095969758138
2822.8080678111087
2813.9561437327693
2805.5139313410486
2797.457046484968
2789.7628550704694
2782.4111609662864
2775.382656186925
2768.659568614547
2762.2244628070994
2756.0615050411416
2750.155796194652
2744.494051267188
2739.063736155346
2733.854567866426
2728.8542180006257
2724.0486589179013
2719.4297703803
2714.9886198071235
2710.716117880136
2706.6048042221114
2702.647330596744
2698.8368240008012
2695.1660113057624
2691.6279048129254
2688.2160327503357
2684.9248558668205
2681.7491265646186
2678.684010756159
2675.724457225155
2672.8662003326017
2670.104530437144
2667.43521618333
2664.8551310259786
2662.361147612537
2659.948649405409
2657.614013938323
2655.3543961912414
2653.1668180293764
2651.0478225973225
2648.995669571481
2647.0075248357157
2645.0804844043487
2643.212568750772
2641.401586182789
2639.6454879484286
2637.9425998188885
2636.290670037822
2634.687661481519
2633.131931567481
2631.621711349465
2630.1545742011212
2628.729459438101
2627.345410581097
2626.000743269804
2624.6940553184922
2623.4242263998717
2622.1900760622607
2620.9906113749994
2619.8242817301334
2618.6898832996494
2617.586437552923
2616.5130802763024
2615.4689616661235
2614.4527965508155
2613.4636718923834
2612.5007324711096
2611.5633092813127
2610.6506417372357
2609.761934864377
2608.896499102593
2608.0537071167596
2607.2331634364627
2606.433735980458
2605.6543793574356
2604.8948587448876
2604.154741128429
2603.433477549854
2602.730458916992
2602.0448169891038
2601.376216572442
2600.7243032998945
2600.0888270476507
2599.4692327584917
2598.8644080954555
2598.274384486561
2597.6988732575824
2597.137320038149
2596.589409824218
2596.0547113227376
2595.53281929843
2595.0234910925974
2594.526530623865
2594.0417453648106
2593.568344494021
2593.105958656255
2592.6544146181327
2592.2133782202736
2591.782713043124
2591.36204862925
2590.9512858378584
2590.550013009264
2590.157994145705
2589.7750514887202
2589.400957906311
2589.0354824423985
2588.6784733335353
2588.3297366196543
2587.9889849114124
2587.6558692806466
2587.3302460500845
2587.012006951487
2586.700929805432
2586.396803222551
2586.099455796917
2585.8088478777668
2585.524854748942
2585.2471591827198
2584.975546614363
2584.7098675745638
2584.45008911452
2584.1960487720676
2583.947618800469
2583.7046553090013
2583.4670433579868
2583.2346850782624
2583.0075640383716
2582.785464355599
2582.5681008685474
2582.3555823683346
2582.1474831738446
2581.943821241892
2581.7445815752494
2581.5495364030094
2581.358706627514
2581.1719952062626
2580.98939066775
2580.810904852934
2580.6361799506294
2580.464959782285
2580.297375030956
2580.133291988343
2579.972773697687
2579.8156035274183
2579.661692412803
2579.511046340319
2579.3635737495697
2579.2192169034543
2579.0779358353925
2578.939752326295
2578.8045522460066
2578.672181912121
2578.542422865886
2578.4152351651605
2578.2907108114
2578.168838311808
2578.0495219921736
2577.9325824626135
2577.8180751670116
2577.705974432312
2577.596254369067
2577.488747546696
2577.383453274706
