5994.556534688172
4507.189185381279
2973.51199956295
2462.0414901235913
2293.2707777921664
2164.049209386
2029.7535902072225
1877.4297654304435
1714.010549749921
1552.3532026832008
1414.452248072018
1297.3941482704054
1198.8628649007637
1112.0551124089839
1029.3337537874945
945.3167911320993
875.3322132533016
813.0724576351181
755.475202708474
700.4092154690372
651.9942590063193
606.7471845689462
566.3512987671987
531.9062312761556
500.2742955146662
473.13609741975387
448.27817323697485
423.3745506149662
398.15043997179373
376.3616505185409
355.1082501640748
339.84233957203935
324.0488209711463
312.49064140231496
301.316051222201
288.995081245976
278.26895192979026
268.3852044817139
260.0779013559619
252.63009166051046
245.44354082738113
237.26019285190173
234.9318525063294
227.60510909805026
220.95954211749012
220.6807996507738
218.6165928436304
213.61940331516055
211.25815608262937
208.2749609276081
204.19588279501878
206.5165434870746
204.64582168689824
199.66505002729818
200.7107540368705
200.89623501952138
200.1228513815834
198.30215600612567
199.43724561720188
197.5854474722572
194.14677971634353
191.71761694672838
191.14594661543873
193.94189453642363
193.7476233144638
190.50999387202754
190.1847030319876
190.14240851128466
189.79423645249267
189.70570295793814
188.62649331529985
187.73480411528524
186.76272192807988
188.4819648128684
189.81097696699646
189.92585164806158
189.84323303053486
188.97868165178198
187.79005942909302
187.025964138968
186.75891182260546
186.59708188909488
191.87260590917194
191.1369007592775
185.94577215562236
185.3261081188746
187.05737488811178
186.4523556224257
185.1105331893472
184.86037981199408
186.3747512476469
184.7474147526496
184.5059474295554
185.0772210632727
185.05645768408002
185.59889875719003
184.73282881048218
186.2591468296442
187.94489105527538
187.87629148398926
188.27221926279913
188.1695233293497
187.7312837572711
187.46346691977467
186.72854815852156
185.27719865539802
186.0952048267743
186.95003195218953
186.5173115731817
183.55248430434696
184.24259586441053
184.65786019519297
184.72585515698333
185.46561702374652
184.02007931509598
183.26537130493645
184.7720417707478
184.52837350441828
185.08606089352054
184.39711158667507
185.07015492638675
186.83687114650505
187.79974233072187
187.5183806838254
186.09727787895218
184.47446214346897
184.20553364337806
186.47134475723522
183.7125615334172
183.13250939190536
186.37620288379526
187.4945874962471
187.157921298087
185.38394512405813
184.42447233927098
184.67146302860922
185.52803686868873
183.86560240665628
184.41313335703904
185.43792036357365
185.10591761645094
185.18774537659087
185.13460872433174
184.25473649052026
183.50528871113795
184.07874846832325
183.7439860323574
183.2469366442998
183.41282598791818
183.40153152477885
182.5363982801459
184.72093613112048
183.4012355982707
182.58681169340272
184.83502775315588
185.87592159334667
184.3766047838914
183.33326179512045
182.1789067629999
183.7081360703757
183.76880949306948
182.92041620876142
184.39503915924212
183.96264537830046
183.07512889540294
183.6328247682162
183.57938235789692
185.24406501585403
184.2604138094887
183.14800038336142
185.33144390432176
184.77542772891746
185.24684574745157
184.02342540612057
184.3363042083841
184.6911020285217
184.36530589648078
184.16653131134385
185.57325140792315
186.06506747184812
184.98113811073932
183.15642418699906
183.3991808459191
183.71648479736717
182.4557751485426
184.61072051982535
182.5570415370014
183.14808392229088
183.41519924507185
184.99094760573712
184.320529998307
184.00941461163387
183.30791777130327
183.78431111005568
184.92619738996203
184.62934120727894
184.7683144708639
185.05794901689725
186.10005329908398
184.15385193155848
