4353.488715544168
3991.0611828471947
3859.1729218947617
3740.790261387455
3634.2904958455983
3538.249145409932
3451.4292042799498
3372.760811310595
3301.3195734771225
3236.3063535481615
3177.0293416940963
3122.8885211603965
3073.3623707336433
3027.9965489972983
2986.394284165926
2948.208207940396
2913.133401391151
2880.9014544810434
2851.275373235729
2824.045197545157
2799.0242174716773
2776.0456968251133
2754.960030028079
2735.632272407468
2717.939995462675
2701.7714277728164
2687.023849352164
2673.6022127444166
2661.417968240901
2650.3880735837656
2640.434170629003
2631.481912928716
2623.4604292430113
2616.301908755837
2609.941294342639
2604.316070674973
2599.366134277835
2595.033732902437
2591.263461772563
2588.0023044533177
2585.1997063365584
2582.8076691002398
2580.780855034839
2579.076690878286
2577.655461779634
2576.48038721748
2575.517672108399
2574.7365279133605
2574.109160233618
2573.6107211203143
2573.2192260370257
2572.915437042813
2572.682715238244
2572.506846776834
2572.3758477376095
2572.2797538416407
2572.2104013527905
2572.1612055241635
2572.1269426494446
2572.103541183531
2572.0878865584273
2572.0776433021015
2572.07109694452
2572.0670170466356
2572.0645415935423
2572.0630820231877
2572.0622473729427
2572.061785454074
2572.061538622059
2572.0614115892076
2572.0613487957867
2572.061319073058
2572.0613056452185
2572.061299876372
2572.061297528926
2572.061296628195
2572.061296303902
2572.0612961949555
2572.0612961610136
