0.30110715939461297
0.3010822697992195
0.30106983658107117
0.30105678690094484
0.3010430905264074
0.30102871590909663
0.301013629865663
0.30099779760726425
0.3009811821264166
0.3009637448545838
0.300945446005545
0.30092624393389367
0.3009060947161904
0.30088495240773094
0.30086276866208234
0.30083949319294423
0.3008150737626718
0.3007894543173951
0.3007625770486038
0.3007343819543036
0.30070480575747704
0.3006737824680633
0.30064124272960746
0.3006071140087399
0.30057132040628853
0.3005337835164732
0.3004944206074071
0.300453142785738
0.3004098604354038
0.300364482283983
0.3003169102796838
0.3002670409202732
0.300214766089853
0.300159978573456
0.3001025615906394
0.30004239527538135
0.29997936063032493
0.2999133237505189
0.2998441475985086
0.29977168980899105
0.29969580092945985
0.2996163308224578
0.29953312175542207
0.29944601771984136
0.2993548443981634
0.29925942795132626
0.29915959027987654
0.2990551472464536
0.2989458982284393
0.29883164381759814
0.298712192566869
0.29858733415718536
0.2984568504303498
0.29832051685575706
0.29817811905031294
0.29802940877204875
0.2978741611024883
0.2977121416410589
0.29754309473063023
0.2973667992682219
0.29718302533754426
0.2969914898683227
0.2967919642657715
0.29658421869903107
0.2963679984916014
0.2961430645245994
0.2959092083578137
0.2956661788010912
0.29541376036832523
0.29515175434038066
0.294879930296431
0.29459813325744816
0.2943062177395115
0.29400402971716455
0.29369147423550745
0.29336842089352205
0.2930347743075402
0.29269051552783737
0.2923356364660927
0.291970222714152
0.29159435283657514
0.2912080794574235
0.29081157794162504
0.2904051264606011
0.2899890143303486
0.28956361490303273
0.2891293329973152
0.2886866431274398
0.28823606370966987
0.28777810930368425
0.28731358867595674
0.2868432364905202
0.2863678431638518
0.2858882304062074
0.2854052935759553
0.28491982545701766
0.2844328153695431
0.28394536241786444
0.2834583486366587
0.28297283136742785
0.28248973941163363
0.2820100232370359
0.28153462168058857
0.28106435952020015
0.2805998378859595
0.2801415869213587
0.2796904021209657
0.27924664818877853
0.27881070697294247
0.2783824909310445
0.277962004936248
0.27754887576609044
0.27714261165590837
0.27674265234406065
0.2763481659873632
0.27595852819084776
0.27557253083242467
0.2751886980307596
0.27480567977407466
0.2744221523877996
0.2740362281570106
0.27364616894775695
0.2732507089284426
0.27284823641794936
0.2724369078409379
0.2720155365846084
0.27158282057554356
0.27113634110114454
0.27067502292984047
0.2701963401453609
0.26969966448255156
0.2691834823218393
0.2686464827643659
0.2680875084726532
0.2675056599343125
0.2669007677899857
0.26627338022382124
0.26562100102581754
0.2649438189914135
0.2642417673286334
0.2635124966806793
0.2627548212391063
0.2619689341736227
0.26115528275296956
0.2603130610477946
0.2594398816995028
0.2585365543286198
0.25760215495759836
0.25663650848333464
0.2556383145602932
0.25460589982817344
0.25354148258721254
0.25244275182564063
0.2513075813444239
0.250138704567223
0.2489347700077145
0.24769542856177848
0.24642034748899366
0.2451090917184283
0.24376384301402737
0.24238320998515797
0.24096690003928417
0.2395164659387545
0.23803054488146033
0.23651255484118316
0.23496433855965576
0.2333852518797268
0.23177757791154804
0.23014639480087953
0.22849512640425457
0.2268266507187365
0.2251466390756038
0.22345956392469649
0.22176738144764388
0.2200685736954278
0.21837132739541568
0.21668314767250066
0.21501660311762893
0.21338538861882522
0.21177796123654166
0.21020397135955554
0.2086620243179349
0.2071780101757548
0.2057403155073447
0.2043623311618273
0.20302492654277315
0.20175229680342652
0.20053069142291222
0.19944009371961852
0.19831461027066652
0.19744314490522
0.196364857663902
0.19615017820934647
0.19564669435034338
0.2025996711496138
0.22843522460952967
0.20085711927103347
0.19365178264130856
0.19304176418576363
0.19285131381082876
0.19269614074370797
0.19254408565691095
0.19238603747651092
0.1922232182064794
0.19206281791206295
0.19190317215379857
0.19174278026449457
0.1915830009549181
0.19142683033777408
0.19127164077415235
0.19111299445365007
0.1909548449044949
0.19080743226962615
0.19066285040916328
0.19052262533302153
0.19038723994791545
0.19024540626692427
0.1901025820691377
0.1899581695320904
0.18980681757344947
0.18965964630082674
0.18950111493551697
0.1893528302459989
0.18918165724770838
0.18904163716219619
0.18884888727950555
0.18881068014253255
0.18870788580837622
0.19131771874313006
0.2080948626166009
0.20332011801063254
0.1884636953759703
0.18812347969226842
0.18808328991879034
0.1880425496441545
0.18799954213822964
0.18795845281830054
0.187915430044318
0.18787037698618256
0.18782165877382292
0.1877726995636236
0.1877221389955375
0.18767148486554366
0.187617483134633
0.1875600180074565
0.1875030854271
0.18744476634973423
0.18739053219978727
0.18733334796126958
0.18727733454176343
0.18722197920431938
0.18716819478219907
0.18710706670797655
0.18705742832289637
0.18698680407616336
0.18696894560166333
0.18687697147814003
0.18722676957876674
0.18835766032354054
0.18832936625124466
0.18677140613063764
0.18671715276503068
0.1867053809499508
0.18669341485369795
0.1866813582258824
0.18666822529234778
0.18665672117160934
0.18664362571533533
0.18663015115109013
0.18661712105620995
0.18660260589204108
0.186591827886068
0.18658221063912725
0.18657452188607848
0.1865650028953916
0.1865556518314556
0.1865545201844988
0.18655350006688634
0.1865557715819003
0.18655713809735608
0.18655831739800693
0.1865591092906651
0.18655941642004212
0.18655951957491834
0.18655957333401266
0.1865596000700395
0.18655961426908518
0.18655962088133912
0.18655962389331646
0.18655962541648227
0.18655962617938993
0.18655962656396832
0.18655962675175192
0.18655962684697214
0.18655962689473168
0.18655962691861275
0.1865596269305536
0.18655962693652414
0.18655962693950945
0.18655962694100206
