4384.439873984816
4073.8842750713043
4019.9548731754485
3969.9739913386993
3921.364636316403
3873.4092884642987
3825.8395134896437
3778.5583324285167
3731.5494890903624
3684.8403257569976
3638.4839737810726
3592.5496193411736
3547.11657462764
3502.2700124326493
3458.0983470221936
3414.6904566344556
3372.1342079754018
3330.5143368893773
3289.9105071773292
3250.3974054126006
3212.0426610395707
3174.9063367989447
3139.041335678078
3104.4908041527374
3071.2847385818
3039.4507877563096
3009.007542392772
2979.9641860470424
2952.3372237058434
2926.0964231401754
2901.223382415589
2877.7137950064216
2855.5095165098737
2834.617816869975
2814.9854347469036
2796.565915952476
2779.297998904018
2763.1537485182757
2748.191717538337
2734.3790842819217
2721.3079288745926
2709.354100515576
2698.2070053116017
2688.028165307373
2678.7373684087925
2670.178772295016
2662.558695865639
2655.6603882097384
2649.5763416065115
2644.3471518154392
2640.013493523618
2636.214351012879
2633.5244872563453
2631.5588000468697
2630.674665261318
2630.7462836179448
2632.0791090579387
2599.597306159698
2598.7622854145175
2597.9860223933956
2597.200654697282
2596.4034422540867
2595.595366180927
2594.778328103076
2593.9546838543456
2593.126101234154
2592.2931708661076
2591.4567450697664
2590.619214373328
2589.788109356274
2588.964012609452
2588.141434624794
2587.325831098814
2586.530042047972
2585.7555676745583
2584.9782333513413
2584.2220754306027
2583.5022548435973
2582.8062081155317
2582.12669871309
2581.4852366163286
2580.9498417346313
2580.342325922295
2579.8199230192486
2579.374510337267
2578.957827436456
2578.4903750820554
2578.223177027441
2577.8684693373316
2577.607785719115
2577.435389940916
2577.258944049434
2577.1253242198873
2577.161325794443
2577.4003238508776
2574.1349408621463
2574.0441555140746
2573.980077262908
2573.915530344235
2573.8505422911044
2573.7857978209386
2573.7224059386053
2573.6612764389383
2573.6013299260944
2573.5394260212233
2573.4758566249984
2573.411934317894
2573.348380406532
2573.2882031521935
2573.235900968613
2573.2041639183735
2573.1960039012206
2573.1635455433793
2573.1445948941077
2573.146479358294
2573.1541726408414
2572.764847083496
2572.7460286493524
2572.7320837921175
2572.7178027179184
2572.7031050049845
2572.687989757453
2572.6724647888136
2572.6565409436444
2572.640231656643
2572.6235530042272
2572.606523806157
2572.5891657239035
2572.5715033444053
2572.5535642456125
2572.535379048492
2572.516981493185
2572.498408745374
2572.479703102366
2572.4609223713796
2572.442207352714
2572.424186754686
2572.4087132212144
2572.395797755173
2572.389350841696
2572.383302602891
2572.388707345537
2572.3829965962595
2572.3049660613965
2572.2966845606943
2572.2885716801875
2572.2808845925374
2572.273938067351
2572.2679754835485
2572.2628122026795
2572.258838979935
2572.2575475090025
2572.2602728629417
2572.26579711486
2572.2132086159013
2572.2100015061874
2572.2078242355824
2572.205590498328
2572.203276842267
2572.2008815413137
2572.198403962604
2572.195843759997
2572.1932008668773
2572.19047552317
2572.187668303976
2572.1847801486533
2572.1818123900357
2572.178766783428
2572.1756455349732
2572.172451328929
2572.169187353325
2572.16585732342
2572.162465502318
2572.1590167180484
2572.1555163763646
2572.151970468497
2572.1483855730326
2572.144768851112
2572.1411280341276
2572.1374714031485
2572.133807759303
2572.1301463845193
2572.1264969920344
2572.1228696663293
2572.119274792264
2572.115722973469
2572.1122249407736
2572.1087914596055
2572.105433401713
2572.102165625626
2572.0991054557035
2572.0991404785414
2572.1533902721894
2572.10243894622
2572.091308752383
2572.090402785734
2572.0896392978766
2572.088901619676
2572.0881637851826
2572.08742032649
