4399.587933602923
4026.050202011122
3636.8627716088286
3310.340254981772
3076.6009399166987
2930.9570395398123
2852.9253068604203
2819.0969674132452
2809.273166554929
2808.5420402157542
2807.3934408053365
2800.950661319597
2787.9063162245234
2769.449544281506
2748.083324296871
2726.2567562011154
2705.275404764958
2685.3601379520705
2666.88498440328
2651.161409877841
2639.5887917809578
2632.21370966096
2627.4771165115603
2623.2338810147908
2618.1138581609684
2612.2056313226994
2606.33512583694
2600.9860133634065
2596.281261252023
2592.53207554279
2590.1282598060784
2588.8151638960267
2587.5778873574372
2585.7215376748845
2583.682126708012
2582.224130965262
2581.2989970478206
2580.3012070408154
2579.130647689849
2578.2598564790505
2577.7757788841764
2577.1020303410255
2576.085104811609
2575.3653722877825
2575.1307013701653
2574.9370437288535
2574.6644824015716
2574.357092472687
2574.0091615394795
2573.766480132249
2573.5977215062403
2573.402743059093
2573.2585296377997
2573.050022581967
2572.8488795724984
2572.9049516320188
2572.8401177940495
2572.9537165487877
2573.0342362904657
2573.156357218181
2573.334555592461
2573.5633718034906
2573.832189789231
2574.1298576690615
2574.446150763174
2574.772210603648
2575.100645449057
2575.425497652474
2575.7421393128707
2576.0471246119273
2576.3380208945346
2576.613236578057
2576.8718587504845
2577.113507986037
2577.3382135933534
2577.5463095689147
2577.738349807317
2577.9150402940572
2578.0771857549607
2578.2256483126885
2578.361315939144
2578.4850787918813
2578.597811826603
2578.700362358489
2578.7935414910817
2578.878118540222
2578.954817754273
2579.0243167744457
2579.087246394998
2579.1441912767978
2579.1956913429667
2579.2422436456654
2579.2843045410814
2579.322292047943
2579.35658829508
2579.3875419874803
2579.4154708389897
2579.4406639345225
2579.4633839960156
2579.483869535168
2579.5023368827574
2579.518982089434
2579.5339826967056
2579.5474993796543
2579.5596774649252
2579.5706483289678
2579.580530682386
2579.589431746895
2579.5974483316013
2579.604667815449
2579.611169042596
2579.6170231373094
2579.6222942446875
2579.6270402032656
2579.6313131551624
2579.635160099106
2579.638623391319
2579.6417411988705
2579.644547909763
2579.647074503686
2579.649348887052
2579.6513961956393
2579.6532390678517
2579.654897891374
2579.656391025754
2579.6577350031976
2579.658944709662
2579.6600335481608
2579.661013585981
2579.661895687388
2579.662689633222
2579.663404228674
2579.6640474003834
2579.6646262839213
2579.665147302596
2579.6656162384306
2579.666038296093
2579.666418160472
2579.666760048526
2579.6670677559646
2579.667344699294
2579.6675939536635
2579.6678182869496
2579.6680201904323
2579.668201906422
2579.668365453128
2579.668512647035
2579.6686451230703
2579.6687643527307
2579.668871660421
2579.6689682381493
2579.669055158757
2579.6691333878343
2579.669203794433
2579.6692671607175
2579.6693241906555
2579.6693755178276
2579.669421712467
2579.6694632877916
2579.669500705705
2579.6695343819247
2579.669564690603
2579.669591968477
2579.669616518616
2579.669638613783
2579.6696584994675
2579.669676396611
2579.6696925040637
2579.6697070007885
2579.6697200478557
2579.6697317902276
2579.6697423583723
2579.669751869711
2579.6697604299216
2579.6697681341157
2579.669775067895
2579.6697813082997
2579.6697869246664
2579.6697919793996
2579.6697965286608
2579.6698006229976
2579.6698043079014
2579.669807624316
2579.669810609089
2579.6698132953866
2579.669815713054
2579.6698178889555
2579.6698198472673
2579.669821609748
2579.6698231959813
2579.669824623592
2579.6698259084396
2579.669827064805
2579.669828105532
2579.6698290421873
2579.669829885177
2579.6698306438675
2579.6698313266893
2579.669831941229
2579.669832494315
2579.669832992092
2579.669833440091
2579.6698338432907
2579.669834206171
2579.669834532762
2579.669834826695
2579.669835091234
2579.669835329319
2579.6698355435956
2579.669835736445
2579.6698359100087
2579.6698360662162
2579.6698362068037
2579.6698363333317
2579.669836447208
2579.669836549696
2579.669836641934
