6086.681239689692
5882.854216257939
5810.815441179589
5749.080974810229
5692.957731267803
5640.260954908613
5589.7821203665835
5540.722967543819
5492.5489236313515
5444.868557093451
5397.385630876573
5349.8823452160195
5302.131778697055
5253.964798944914
5205.245289687471
5155.863651143779
5105.687065778048
5054.6141280481625
5002.513142875823
4949.310256395645
4894.903570686059
4839.170525739143
4782.109950162213
4723.536885827397
4663.514014615734
4601.812704081108
4538.499503324593
4473.278060566582
4406.2970008413695
4337.627347905588
4267.173559929082
4194.687277600111
4120.338875838086
4044.131935073057
3966.0372072834934
3885.829284653179
3803.8107940151335
3720.2257572668545
3634.714121091413
3547.255121337334
3457.929206924649
3366.955887945572
3275.405046246791
3183.2665262573164
3091.0152654083695
2999.118954582433
2907.1888226585784
2815.8307463502024
2725.4896595476816
2636.379722692181
2548.9451037216336
2463.1534289207125
2378.978358912443
2296.867244647033
2218.0456731782797
2141.759438063063
2068.4492973475576
1998.0908023415443
1929.4356135749429
1864.2826845287382
1802.5384443988191
1742.8604506351435
1684.7347042804317
1627.8391541712158
1573.6222521701711
1520.5536241623429
1469.5092150269713
1420.2054587414507
1372.8996213691112
1326.7470920071169
1281.71993064339
1239.2387226540611
1196.699106070937
1156.3899538801927
1117.357294393113
1079.7082679969167
1042.2884962346602
1006.3492047158585
971.8680494316094
937.9671119377579
906.669229955896
876.3518930839275
848.0027901745748
821.5287402801481
796.7338185383317
772.9187359469012
745.8204374859234
724.2831400870759
699.0971222998021
676.9884707353156
655.3031427596862
640.413871134894
621.4209397654929
604.1898882787435
590.7110346708673
570.8043449941562
554.4521924423876
540.6287882435963
522.2665308781062
504.85544245590603
494.7780982028387
484.78708666364565
470.3192521328617
461.48253778651616
455.09575029460717
445.8761538143053
429.77538599182213
421.71059431311016
406.9356323010926
397.46123644332016
385.169585302454
379.1212215263934
373.66988928403345
379.83037662735734
378.249919449511
336.9104724091556
327.73710443323773
323.95746260506127
318.6366215864024
315.8355260757962
313.1218016226972
308.5699072010434
306.70731855728417
304.0242795571525
300.6082461561823
301.1667069666204
298.9818088510795
286.8685757872136
282.77286023140397
280.7915123492252
280.9735289608653
277.80266115430766
273.18612604622797
271.373609467305
270.22242039104503
268.37377009424716
268.52165702698977
267.7413361586017
265.0888040060503
263.6807368668542
263.090879818267
262.2004645549799
261.8444103287187
261.09201316822555
260.7748733337112
260.16523920392655
259.417522524824
258.85869630684607
259.3129630000856
258.29929230342333
255.9471724559196
255.1022715904687
254.53441472295725
253.93003126473758
253.823373223043
253.33637809169792
252.9213456077722
252.4051256911934
252.69407932347426
251.6929622152792
250.1782380651064
249.80576064317538
249.53993077099796
249.29222362844274
248.8982867457967
249.00850311871193
248.4778344062467
247.59110169296108
247.35141505797873
247.0137419089573
246.92209688296413
246.98594995995407
246.72068220651113
246.06571235842793
245.92905402646747
245.8184290093517
245.59184186278566
245.47646617973967
245.55074906596914
245.39466090003185
245.02649335898695
244.9461505697352
244.76528428440395
244.73776196295915
244.688407256747
244.63111773464198
244.58499964349173
244.49314881035264
244.36277306953386
244.47138525162507
244.2487283253655
243.96739620315145
243.84718339784473
243.84327499465297
243.80648559733194
243.7253752175759
243.6927939222484
243.59454323425282
243.55267657296855
243.57463829151334
