1590.725745114313
1590.1267130837136
1589.8287548929643
1589.5168241863585
1589.1903109833402
1588.8485881582594
1588.4910256465232
1588.1169645567416
1587.725688011154
1587.3164568359423
1586.8885501031398
1586.4412252529396
1585.973694712066
1585.4852030604693
1584.974922357426
1584.4420333267472
1583.8856934304924
1583.3050066528865
1582.6990147161102
1582.066840131688
1581.407613757529
1580.7204429846483
1580.004464018586
1579.2585834832576
1578.481957085457
1577.673581717072
1576.8326180181507
1575.9582109422863
1575.049380282675
1574.1053765708798
1573.1253583082073
1572.108430175594
1571.0537969322418
1569.9608276368403
1568.8288142465833
1567.657037241916
1566.4450079633136
1565.192256803653
1563.8985927185129
1562.563876855566
1561.1877143964957
1559.7704906237325
1558.3125919022618
1556.8140496262638
1555.275319903674
1553.6970606146658
1552.0801775708662
1550.4258725242976
1548.7354597327028
1547.0104398516833
1545.2526235637963
1543.463939532852
1541.6466158639894
1539.803009887452
1537.9362921680301
1536.049311757845
1534.1451972550624
1532.227496038408
1530.2997171705256
1528.3659580083884
1526.4300336491924
1524.4962352042487
1522.5686952550402
1520.6520060371565
1518.7503590280785
1516.8682676056324
1515.010180410201
1513.18084139241
1511.3843674299515
1509.624323841851
1507.904642495569
1506.228367447795
1504.598434559778
1503.016997006082
1501.4860658974285
1500.006889537584
1498.580391447527
1497.2068855144757
1495.886217724114
1494.6172906579616
1493.3985006669127
1492.2275788413594
1491.1027482557067
1490.020951792206
1488.9792724551253
1487.9739567853203
1487.0005645496299
1486.0557546588718
1485.134815451295
1484.233316546079
1483.3486613086209
1482.4743639589396
1481.6063566723903
1480.7426905123425
1479.8799299192171
1479.0151115834988
1478.1431247397106
1477.2614524214807
1476.367140620099
1475.4592122166475
1474.5356199423697
1473.5926143294696
1472.6294943459238
1471.6458611670353
1470.6394564012555
1469.6100263484605
1468.5561956490149
1467.4716385084498
1466.3558099346967
1465.215588590405
1464.0463928562917
1462.853889791053
1461.6408677392128
1460.4123031606284
1459.1583454369147
1457.884757311844
1456.5856100086814
1455.270594328618
1453.939479052266
1452.6055127325426
1451.2688514358867
1449.9305285127639
1448.6000040870067
1447.2785982568928
1445.9715302718516
1444.680053939855
1443.4034834406023
1442.1515664200397
1440.9101803930973
1439.6934797933993
1438.495668851488
1437.3366018595593
1436.217220876903
1435.1453403247388
1434.1418293288161
1433.1978439256648
1432.305192516849
1431.4852024573997
1430.7358044458033
1430.0491586182372
1429.4267638946965
1428.878962969176
1428.414216769631
1428.0158415788183
1427.699049431785
1427.4653518744083
1427.2746956071692
1427.2040703891257
1427.1686915393293
1427.3032483022043
1427.265395415225
1427.5225568709375
1427.4692010258937
1427.5828309891629
1427.6470462280233
1427.6799472838263
1427.6964316344379
1427.7045362687516
1427.7085840007276
1427.7106259879067
1427.7116449375276
1427.7121552437661
1427.7124097558417
1427.712537051357
1427.7126006461897
1427.7126324402004
1427.7126483358438
1427.712656283979
1427.7126602579592
1427.712662244972
1427.7126632384843
1427.7126637352421
1427.7126639836206
1427.7126641078107
1427.712664169905
1427.7126642009523
1427.7126642164765
1427.7126642242388
1427.7126642281187
1427.71266423006
1427.7126642310297
1427.7126642315152
1427.7126642317576
1427.712664231879
1427.7126642319395
1427.71266423197
1427.7126642319854
1427.7126642319924
1427.7126642319968
1427.7126642319981
1427.7126642319993
1427.7126642319997
1427.712664232
1427.7126642319995
1427.712664232
1427.712664232
1427.712664232
1427.712664232
1427.712664232
1427.712664232
