0.268918038195017
0.2678344923546159
0.2673177357931731
0.2667913709311401
0.26625545141137286
0.26570996738729585
0.2651552013261701
0.264591592013484
0.26402070739127326
0.26344168086213776
0.2628552866293212
0.26226067445876744
0.26165727284553264
0.2610437665126102
0.2604176797526953
0.25977828764966115
0.2591224340547053
0.25844599452223155
0.257745055932719
0.2570170794064979
0.2562573445620167
0.2554603702721328
0.25462366048731755
0.25374253367754973
0.25281222130308767
0.2518286374214648
0.2507891789199375
0.24969472791278233
0.248546975949429
0.24734890231309373
0.24610239448524443
0.2448121135179481
0.2434824443229005
0.24211108982658075
0.24070061681924115
0.2392521255347017
0.23775836945825427
0.23622196159558553
0.23464092641295212
0.2330134031845617
0.23134126589732829
0.2296298762603317
0.22787684102497055
0.2260899960107721
0.22427711756581617
0.22244498564183884
0.22060661792060982
0.21877182413727977
0.21694987377083425
0.21516211350524786
0.21342115821192256
0.21174120409286806
0.21012719616568326
0.2086098852899835
0.20720762622355846
0.20591726596161516
0.20475974376303394
0.2037469199039189
0.20290036207537576
0.20224499604426982
0.20176391351551282
0.2014935796267347
0.20144713159377953
0.2015985892356483
0.20196557958552
0.20222398195609909
0.20236986077858532
0.20245064639014018
0.20249268992832153
0.20251476469384858
0.2025261850682181
0.20253201970502144
0.2025349824549559
0.20253648950013886
0.20253725185069993
0.20253763660181043
0.20253783051294952
0.2025379280679725
0.20253797687008623
0.20253800136323882
0.20253801362729373
0.2025380197717286
0.2025380228515764
0.202538024393141
0.20253802516337013
0.20253802554759454
0.20253802573902396
0.2025380258343441
0.20253802588199885
0.20253802590575865
0.20253802591759396
0.202538025923482
0.20253802592641415
0.20253802592787518
0.20253802592860196
0.20253802592896403
0.20253802592914427
0.2025380259292339
0.20253802592927855
0.2025380259293007
0.20253802592931175
0.20253802592931724
0.20253802592931994
0.20253802592932132
0.202538025929322
0.20253802592932232
0.2025380259293225
0.20253802592932263
0.20253802592932266
0.20253802592932268
0.20253802592932268
0.20253802592932266
0.20253802592932266
0.20253802592932266
0.20253802592932268
0.20253802592932268
0.20253802592932268
0.20253802592932268
0.20253802592932268
0.20253802592932268
0.20253802592932268
0.20253802592932268
0.20253802592932268
0.20253802592932268
0.20253802592932268
0.20253802592932268
0.20253802592932268
0.20253802592932268
0.20253802592932268
0.20253802592932268
0.20253802592932268
0.20253802592932268
0.20253802592932268
0.20253802592932268
0.20253802592932268
0.20253802592932268
0.20253802592932268
0.20253802592932268
0.20253802592932268
0.20253802592932268
0.20253802592932268
0.20253802592932268
0.20253802592932268
0.20253802592932268
0.20253802592932268
0.20253802592932268
0.20253802592932268
0.20253802592932268
0.20253802592932268
0.20253802592932268
0.20253802592932268
0.20253802592932268
0.20253802592932268
0.20253802592932268
0.20253802592932268
0.20253802592932268
0.20253802592932268
0.20253802592932268
0.20253802592932268
0.20253802592932268
0.20253802592932268
0.20253802592932268
0.20253802592932268
0.20253802592932268
0.20253802592932268
0.20253802592932268
0.20253802592932268
0.20253802592932268
0.20253802592932268
0.20253802592932268
0.20253802592932268
0.20253802592932268
0.20253802592932268
0.20253802592932268
0.20253802592932268
0.20253802592932268
0.20253802592932268
0.20253802592932268
0.20253802592932268
0.20253802592932268
0.20253802592932268
0.20253802592932268
0.20253802592932268
0.20253802592932268
0.20253802592932268
0.20253802592932268
0.20253802592932268
0.20253802592932268
0.20253802592932268
0.20253802592932268
0.20253802592932268
0.20253802592932268
0.20253802592932268
0.20253802592932268
0.20253802592932268
0.20253802592932268
0.20253802592932268
0.20253802592932268
0.20253802592932268
0.20253802592932268
0.20253802592932268
0.20253802592932268
0.20253802592932268
0.20253802592932268
0.20253802592932268
0.20253802592932268
0.20253802592932268
0.20253802592932268
0.20253802592932268
0.20253802592932268
0.20253802592932268
0.20253802592932268
0.20253802592932268
0.20253802592932268
0.20253802592932268
0.20253802592932268
0.20253802592932268
0.20253802592932268
0.20253802592932268
0.20253802592932268
0.20253802592932268
0.20253802592932268
0.20253802592932268
0.20253802592932268
0.20253802592932268
0.20253802592932268
0.20253802592932268
0.20253802592932268
0.20253802592932268
0.20253802592932268
0.20253802592932268
0.20253802592932268
0.20253802592932268
0.20253802592932268
0.20253802592932268
0.20253802592932268
0.20253802592932268
0.20253802592932268
0.20253802592932268
0.20253802592932268
0.20253802592932268
0.20253802592932268
0.20253802592932268
0.20253802592932268
0.20253802592932268
0.20253802592932268
0.20253802592932268
0.20253802592932268
0.20253802592932268
0.20253802592932268
0.20253802592932268
0.20253802592932268
0.20253802592932268
0.20253802592932268
0.20253802592932268
0.20253802592932268
0.20253802592932268
0.20253802592932268
0.20253802592932268
0.20253802592932268
0.20253802592932268
0.20253802592932268
0.20253802592932268
0.20253802592932268
0.20253802592932268
0.20253802592932268
0.20253802592932268
0.20253802592932268
0.20253802592932268
0.20253802592932268
0.20253802592932268
0.20253802592932268
0.20253802592932268
0.20253802592932268
0.20253802592932268
0.20253802592932268
0.20253802592932268
0.20253802592932268
0.20253802592932268
0.20253802592932268
0.20253802592932268
0.20253802592932268
0.20253802592932268
0.20253802592932268
0.20253802592932268
0.20253802592932268
0.20253802592932268
0.20253802592932268
0.20253802592932268
0.20253802592932268
0.20253802592932268
0.20253802592932268
0.20253802592932268
0.20253802592932268
0.20253802592932268
0.20253802592932268
0.20253802592932268
0.20253802592932268
0.20253802592932268
0.20253802592932268
