6077.217212611284
4580.352761280322
3520.7644694827877
2989.940840837616
2695.1743628983104
2490.6659148712483
2333.7453800982494
2204.695756412745
2092.290283015323
1995.2605845690102
1909.4687498137612
1831.402920613801
1760.611388123273
1696.0478660113376
1637.7002792683563
1583.2063213064826
1535.2018762224993
1486.2225748887545
1443.4816697148412
1402.4741112633048
1364.6175393011201
1328.5938254903888
1293.2516834422438
1259.338939577191
1228.4779114308624
1198.6083040941721
1171.3038719698889
1142.2672763501248
1119.818558051674
1090.941346583741
1067.319468663144
1043.446310622727
1021.8081357515412
998.8355664672854
982.6698864295757
964.0951683578622
947.5375602351287
925.1821193248953
908.7079564041501
889.9120914837749
878.2110146286851
859.3969185103628
847.9274626266551
836.5710416958273
822.3047657270126
802.6160070271741
789.5899656665025
775.2722989219985
765.1350125519767
755.8964551420979
749.889950921469
738.0648266461674
727.4236615948489
712.5433374722593
703.0196832461521
691.5169693929605
687.5237140571901
680.7132387388413
673.9167952753127
659.8899278763125
649.4176100489943
639.7368236130317
634.5878486581344
624.6120149944971
621.255187672613
612.5134213067328
607.7486917537716
598.16106922352
593.2540035352787
581.9628929919126
575.84976737816
567.3017908972232
564.034526864838
560.9149468968211
557.6055348414359
551.3118419322296
545.4240784000029
535.4010725021614
528.0817646131636
521.4568399700992
518.673724777429
515.8491901384432
516.2728205920052
510.94685766839854
507.82863949747207
497.37222781764063
491.7808488898768
483.95534252137946
479.5586263450626
477.8417772986741
478.8062762374892
476.14639918570174
475.9220432896151
466.87580901380403
462.69055866283855
454.65591389745674
448.6578390588957
444.7300134046804
444.16247459021275
442.9788310233574
447.2454140585671
441.5138061742857
438.0706883260718
429.5343240533248
424.8347952769945
419.4320510755785
416.7325819151582
415.8174037128621
417.77139959406355
414.5144285537572
414.8941288329602
406.74585194877994
404.0459753877566
398.21530398022827
394.4782102902224
392.67190669417096
393.0038741142656
392.45858107473896
396.1212164644425
389.51509527014815
384.60725498682774
376.4002279782713
374.0500583858558
371.9164805811379
369.66628646993615
368.97976719263687
373.43704893976263
372.6821516843179
373.670656697208
366.45762124161
362.30108423469034
355.8904299393796
352.51816884581467
351.09435873961155
350.1706253546432
350.3813725375618
354.087153145831
353.71520290132
352.10712318827876
346.3081007170235
341.8846369923902
336.62476383413673
334.04883743572475
333.9304811021819
332.5713498528254
331.80223405667596
332.3059382575716
333.67046039427373
334.4789115513373
328.6136399850059
323.9361551669477
320.49003763382
319.07351916668324
316.8022113710805
316.05698106683957
318.891274722886
325.5526849163947
320.600168345885
314.7212648660681
308.8543292325636
308.6192891853103
306.03383319706035
304.6052177237446
302.5322360823051
304.88627654414336
306.2966079610085
307.411514637554
302.23162185054
301.17022581607887
297.50550093426216
294.04031350568016
291.71568069169666
292.0027408350301
292.3477223738657
292.18456163448104
293.19201612061465
299.9395458240795
297.5335616126764
293.2949494803152
287.0458055724158
283.6455998577949
282.90290223595355
283.42967255876886
282.0454274793373
283.0108373257158
282.70299072122117
282.57076576361555
280.1554730972184
278.0013066962499
276.7447018073918
275.56283931980397
274.39280366691133
276.1755439134837
275.06255685003754
275.5541715263848
273.4195637830027
273.1040674685124
271.1834517173092
272.2980434803894
268.1277155908123
