6093.602302927969
4586.076852405718
4001.7700147503874
2983.6857074002146
2554.7622343382154
2420.692211372036
2385.440022347043
2354.0171359281826
2296.0832249313994
2210.6438854554426
2097.1209194257494
1965.74704688403
1818.9689878437707
1668.7540521184221
1529.6686356251803
1415.8974026094322
1327.4248743888952
1247.9574866001824
1170.9799835566537
1086.4229776827349
996.2642048106707
915.4192214793826
851.6454768147697
800.5222791906293
755.4334218771451
711.3341882616791
662.8294287584836
612.0874233443803
576.9867012154889
558.3365389974423
541.7985265846905
511.9438885310263
477.40050213655644
442.2758855084251
413.3062929429248
414.2661551183423
420.30148637456995
450.2244386212672
479.86223194013087
516.1594118878431
563.783583367297
608.6408691272887
656.1850855999191
703.7152860228315
750.2929260974917
796.3379217780284
839.984095362856
880.9156924814871
919.6678539161003
956.0537473483788
989.9154768842576
1021.259108497267
1049.9244010108562
1076.2219951944253
1100.4681115358394
1122.668630625354
1142.871517891774
1161.2819378131587
1178.0424937705814
1193.27397577667
1207.2438100626528
1219.927892255659
1231.391894702271
1241.8042073262322
1251.2983066774082
1259.9393477989427
1267.7320136137296
1274.755011470201
1281.0827800645832
1286.7911915258749
1291.9297515541064
1296.5651973648787
1300.7400366493066
1304.5063144077817
1307.8999355541766
1310.955662317234
1313.70697563188
1316.1840554228688
1318.4194402755186
1320.4316041707473
1322.2437182089877
1323.8761356719785
1325.3455454827656
1326.6688828486872
1327.862722179161
1328.9388971892718
1329.9078417987123
1330.7803935033278
1331.56593620203
1332.2729246310932
1332.9098454220382
1333.4836182615456
1334.0000138172247
1334.4647698174358
1334.8830502177054
1335.2595025780142
1335.5983097023445
1335.9032361142847
1336.1776698850654
1336.424660278796
1336.6469516331763
1336.847013852137
1337.0270698492166
1337.1891202465997
1337.3349656042553
1337.4662264261524
1337.5843611658665
1337.690682431615
1337.7863715707922
1337.8724917960553
1337.9499999987945
1338.0197573812625
1338.0825390254852
1338.139042505287
1338.1898956371099
1338.2356634557518
1338.2768544925293
1338.3139264256308
1338.3472911654223
1338.377319431235
1338.4043448704672
1338.4286677657756
1338.4505583715538
1338.4702599167542
1338.4879913074346
1338.5039495590477
1338.518311985499
1338.5312381693059
1338.5428717347315
1338.5533419436151
1338.56276513161
1338.5712460008056
1338.5788787830818
1338.5857482871304
1338.5919308407738
1338.597495139053
1338.6025030075039
1338.6070100891106
1338.6110664625562
1338.6147171986572
1338.618002861148
1338.62095995739
1338.6236213440081
1338.626016591964
1338.628172315124
1338.6301124659688
1338.6318586017283
1338.6334301239124
1338.6348444938778
1338.6361174268468
1338.637263066519
1338.6382941422235
1338.6392221103577
1338.640057281679
1338.6408089358677
1338.641485424638
1338.6420942645304
1338.6426422204345
1338.643135380748
1338.6435792250297
1338.6439786848832
1338.6443381987517
1338.6446617612328
1338.6449529674667
1338.645215053077
1338.645450930126
1338.64566321947
1338.6458542798794
1338.6460262342484
1338.6461809931802
1338.646320276219
1338.646445630954
1338.6465584502148
1338.6466599875505
1338.6467513711525
1338.6468336163935
1338.6469076371109
1338.6469742557563
1338.6470342125374
1338.6470881736407
1338.6471367386325
1338.6471804471266
1338.6472197847702
1338.6472551886502
1338.647287052142
1338.6473157292844
1338.647341538713
1338.6473647671983
1338.6473856728353
1338.6474044879083
1338.6474214214743
1338.6474366616835
1338.647450377872
1338.6474627224413
1338.647473832554
1338.647483831655
1338.6474928308462
1338.6475009301187
1338.6475082194638
1338.647514779874
