4402.1317162766645
4402.00168788674
4401.909728575867
4401.791449902134
4401.648021531554
4401.479621224692
4401.285898960519
4401.066167684048
4400.819495960711
4400.544757582824
4400.2406596021465
4399.905758453861
4399.538468992413
4399.1370690371
4398.69970091517
4398.224370896715
4397.708947080755
4397.151156093846
4396.548578841135
4395.898645472676
4395.19862967775
4394.445642386497
4393.636624935598
4392.768341739323
4391.8373724965895
4390.840103957559
4389.7727212684185
4388.631198910142
4387.411291245408
4386.108522687401
4384.71817750477
4383.235289278309
4381.654630026961
4379.970699023605
4378.177711324445
4376.269586040121
4374.239934381442
4372.082047518344
4369.788884297126
4367.353058868275
4364.7668282853065
4362.022080144303
4359.110320343806
4356.022661056054
4352.74980901278
4349.282054222467
4345.609259250604
4341.720849210679
4337.6058026311075
4333.25264338199
4328.649433865976
4323.783769698914
4318.642776128975
4313.213106467006
4307.480942826193
4301.431999495247
4295.051529296288
4288.324333305893
4281.234774345012
4273.766794670265
4265.903938324795
4257.629378630553
4248.925951325093
4239.7761938631575
4230.162391415891
4220.066630106733
4209.470858021695
4198.356954521225
4186.70680835941
4174.502405082386
4161.725924129522
4148.35984599677
4134.3870697398215
4119.791040994189
4104.5558905688285
4088.6665835290964
4072.1090785230404
4054.870496922998
4036.939301152611
4018.3054813491062
3998.9607492734403
3978.8987381285924
3958.115206680978
3936.6082458035357
3914.3784852741082
3891.4292983715522
3867.7670015180092
3843.4010459230385
3818.3441979000763
3792.6127042560724
3766.2264389124393
3739.209026713759
3711.587940237193
3683.3945653497362
3654.664231292664
3625.436201223274
3595.7536194309096
3565.6634118813267
3535.2161373383674
3504.46578706534
3473.4695320126284
3442.2874174366043
3410.9820060434417
3379.6179719782003
3348.261649247276
3316.980539429851
3285.8427847588196
3254.916613791719
3224.2697679082457
3193.9689177279993
3164.0790792105736
3134.6630396570536
3105.7808040602713
3077.48907224029
3049.8407569464616
3022.8845526072773
2996.6645636678472
2971.220000478017
2946.5849494909107
2922.7882231126955
2899.85329292357
2877.7983081849034
2856.63619958151
2836.374866052143
2817.0174403754604
2798.562626952352
2781.0051030156533
2764.335972364529
2748.5432587183154
2733.612423954807
2719.52689486294
2706.2685806044988
2693.818361850467
2682.156531583616
2671.26316699122
2661.1184120318517
2651.702651683343
2642.996562294014
2634.9810286637035
2627.63692809352
2620.9447947542762
2614.884393514382
2609.4342488104257
2604.571187929523
2600.2699649345764
2596.5030270382194
2593.240466512805
2590.450168412808
2588.0981225206674
2586.148827312256
2584.5656882084227
2583.311315126741
2582.347662228116
2581.636021109773
2581.136959285159
2580.810359995045
2580.615737216399
2580.512952180804
2580.4633476473664
2580.431172860525
2580.3850469888444
2580.2991612978058
2580.153992527479
2579.9364848425225
2579.6398782696324
2579.2634889480137
2578.812668991548
2578.298885664606
2577.7395065780984
2577.1567053948406
2576.575115719482
2576.0184636944377
2575.506128231227
2575.0509420821663
2574.659154457499
2574.332343212469
2574.069819948187
2573.8696820540727
2573.7276991313092
2573.6351688332325
2573.5782331946934
2573.540456947314
2573.5077711242466
2573.4722495596143
2573.431318245287
2573.38267208275
2573.319788762481
2573.2337209076363
2573.1211120986045
2572.990612002214
2572.8598856601093
2572.745624458081
2572.656834184507
2572.5956977267347
2572.5601504161746
2572.5441253799836
2572.5385455088617
2572.5339772484435
2572.522254303663
2572.498542857381
