4405.139244264205
4405.008528517154
4404.823641086202
4404.597174210091
4404.335648092331
4404.043231776055
4403.722888922513
4403.376867425509
4403.006949020556
4402.614591803049
4402.201018349743
4401.767273538249
4401.314264272614
4400.8427878012035
4400.353552520633
4399.847193648757
4399.324285286431
4398.7853498713985
4398.230865706648
4397.661273039321
4397.07697902989
4396.478361858799
4395.865774153705
4395.239545875018
4394.599986764888
4393.947388440855
4393.282026197686
4392.604160567555
4391.914038678656
4391.211895444431
4390.49795460963
4389.772429674562
4389.035524715177
4388.287435113617
4387.528348211375
4386.758443895344
4385.977895125354
4385.186868410497
4384.385524240511
4383.574017477501
4382.752497712624
4381.921109591638
4381.079993112774
4380.229283899876
4379.369113453414
4378.499609381628
4377.620895613782
4376.7330925972965
4375.836317480293
4374.93068428091
4374.01630404462
4373.093284990603
4372.161732648163
4371.2217499840235
4370.273437521293
4369.316893450778
4368.3522137352575
4367.379492207318
4366.398820661207
4365.4102889391825
4364.413985012803
4363.409995059484
4362.398403534704
4361.379293240155
4360.352745388136
4359.318839662428
4358.277654275929
4357.229266025222
4356.173750342322
4355.111181343742
4354.04163187711
4352.965173565424
4351.881876849143
4350.791811026232
4349.695044290277
4348.591643766802
4347.4816755478705
4346.365204725121
4345.242295421247
4344.1130108201
4342.977413195417
4341.835563938312
4340.687523583545
4339.533351834674
4338.373107588134
4337.206848956295
4336.034633289571
4334.856517197605
4333.672556569612
4332.4828065938755
4331.287321776484
4330.086155959326
4328.879362337376
4327.666993475311
4326.449101323506
4325.225737233403
4323.996951972317
4322.762795737684
4321.523318170797
4320.278568370023
4319.028594903555
4317.773445821713
4316.513168668792
4315.247810494516
4313.977417865065
4312.702036873766
4311.421713151365
4310.136491875998
4308.846417782801
4307.551535173205
4306.251887923937
4304.947519495715
4303.638472941661
4302.324790915452
4301.006515679199
4299.683689111101
4298.356352712828
4297.024547616697
4295.688314592624
4294.347694054858
4293.0027260685065
4291.653450355883
4290.29990630265
4288.94213296378
4287.580169069349
4286.214053030162
4284.8438229432095
4283.469516596966
4282.09117147655
4280.708824768726
4279.322513366769
4277.932273875202
4276.538142614392
4275.140155625016
4273.738348672435
4272.332757250909
4270.923416587727
4269.510361647215
4268.093627134654
4266.673247500059
4265.249256941909
4263.821689410744
4262.390578612676
4260.955958012829
4259.517860838663
4258.076320083241
4256.631368508394
4255.183038647829
4253.7313628101365
4252.2763730817405
4250.8181013297735
4249.3565792048785
4247.891838143946
4246.423909372795
4244.952823908764
4243.47861256328
4242.001305944333
4240.520934458902
4239.037528315355
4237.55111752574
4236.0617319080675
4234.569401088531
4233.0741545036635
4231.576021402463
4230.075030848463
4228.571211721762
4227.064592721
4225.555202365299
4224.04306899617
4222.5282207793625
4221.010685706675
4219.490491597753
4217.967666101814
4216.442236699363
4214.914230703865
4213.38367526337
4211.8505973621295
4210.315023822159
4208.776981304779
4207.23649631213
4205.693595188637
4204.148304122472
4202.60064914697
4201.050656142023
4199.4983508354435
4197.943758804314
4196.386905476292
4194.827816130906
4193.2665159008175
4191.703029773068
4190.137382590299
4188.569599051941
4186.9997037154
4185.4277209972
4183.8536751741285
4182.277590384341
4180.699490628458
4179.119399770637
4177.537341539632
4175.953339529825
