4384.181393180329
4384.0518841283765
4383.960292084652
4383.842485765498
4383.699630152065
4383.531902280329
4383.338953510802
4383.120099513898
4382.8744125538615
4382.600770896659
4382.297886730107
4381.964322222892
4381.5984985237255
4381.198700288078
4380.7630772143075
4380.289643479907
4379.776275634977
4379.220709312822
4378.6205349966
4377.973193004149
4377.275967803277
4376.525981736444
4375.720188211317
4374.855364398297
4373.928103465503
4372.9348063745
4371.871673255392
4370.734694376816
4369.5196407248795
4368.22205420464
4366.83723747813
4365.360243454331
4363.7858644484195
4362.108621030427
4360.3227505868535
4358.422195622905
4356.400591837837
4354.251256011492
4351.967173746481
4349.540987117643
4346.964982288474
4344.231077163307
4341.330809153946
4338.255323150638
4334.995359799446
4331.541244201475
4327.882875164148
4324.009715150603
4319.910781090717
4315.574636235892
4310.989383259929
4306.142658829828
4301.0216298932755
4295.612991953802
4289.902969630103
4283.877319822507
4277.521337837042
4270.81986684556
4263.757311088657
4256.3176532563175
4248.484476508472
4240.240991623836
4231.570069789122
4222.454281561546
4212.875942554071
4202.81716640396
4192.259925589475
4181.186120655297
4169.577658392829
4157.416539494852
4144.684956163226
4131.36540009101
4117.440781164579
4102.894557134683
4087.7108743858494
4071.8747197891707
4055.3720834529236
4038.190131987138
4020.3173916721057
4001.743940666805
3982.461609112748
3962.4641856839826
3941.74762880865
3920.310280446509
3898.1530799566895
3875.2797752386605
3851.6971279866357
3827.41510957423
3802.4470837945914
3776.8099724346466
3750.5243994744787
3723.6148095885396
3696.1095565979767
3668.040957596255
3639.4453086542726
3610.3628583159593
3580.837735526564
3550.9178291961252
3520.6546172879507
3490.102944129858
3459.3207455629617
3428.368722552458
3397.3099649663286
3366.2095283561484
3335.133967721196
3304.1508333725965
3273.328135107396
3242.733781922298
3212.4350054137813
3182.4977757980923
3152.9862201160568
3123.962052641833
3095.4840277720928
3067.6074257161813
3040.3835811241133
3013.859464366395
2988.077324509022
2963.0744021035653
2938.8827187361762
2915.528948856551
2893.034377751848
2871.414947663192
2850.6813919938713
2830.8394553668595
2811.890194998576
2793.8303565111673
2776.6528149495543
2760.347069435019
2744.8997775944763
2730.295313659865
2716.516331937335
2703.544315220588
2691.360085744302
2679.9442546323285
2669.277584855564
2659.341243058786
2650.1169180414986
2641.586789107579
2633.7333367760566
2626.5390019157853
2619.9857168780604
2614.054352122277
2608.7241412154426
2603.9721616449638
2599.772953488566
2596.098347745561
2592.9175480655736
2590.197464719038
2587.903244804429
2585.9988911274404
2584.447831440371
2583.213306367314
2582.258496705739
2581.546402374836
2581.039592155945
2580.700028522634
2580.4891968800794
2580.3687097014254
2580.30141841545
2580.2528885618685
2580.192942211319
2580.096916703848
2579.9463741649242
2579.7292054466516
2579.43931500202
2579.0762158696334
2578.6448014567495
2578.1552948562903
2577.6230430334067
2577.067639354494
2576.511004901511
2575.974556829576
2575.4762288521433
2575.028484726202
2574.6381928839946
2574.3082560830317
2574.039724556031
2573.832656629893
2573.6848465812536
2573.589377377658
2573.53341816501
2573.500283471495
2573.4742990249547
2573.4452545123418
2573.40880736337
2573.3623152686782
2573.3002597090667
2573.2150201424847
2573.103821941877
2572.97491365786
2572.8452853745243
2572.7316058989513
2572.643671018001
2572.5843697606297
2572.551250965099
2572.5368886516253
2572.531090022417
2572.524704223755
2572.5113139146406
2572.4879126077076
2572.4558812334867
2572.4176434553683
2572.3717031592323
2572.319863637752
2572.2789524588015
2572.2656538833053
2572.2712730442017
2572.2758661637354
2572.2622113554958
2572.242321566093
2572.2112900103507
2572.1763697149463
2572.144766091465
2572.1213958595145
2572.1078205489107
2572.102700480824
2572.103252402431
2572.106686937387
2572.10740957784
2572.106313463612
2572.1049590560324
2572.1027801657533
2572.0998909339833
2572.096438913484
2572.092596113498
2572.0885482420736
2572.0844827893243
2572.080576784919
2572.076985196396
2572.0738309857134
2572.071197786628
2572.0691259888827
2572.067612712614
2572.066615743314
2572.066061015851
2572.0658527575874
2572.0658850203754
2572.066053144498
2572.066108181535
2572.066081605146
2572.0660364985656
2572.065957273362
2572.0658449803354
2572.065701250196
2572.0655282743255
2572.06532877583
2572.065105969614
2572.0648635104562
2572.0646054284116
2572.0643360513113
2572.0640599146805
2572.0637816600174
2572.0635059231086
2572.06323721479
2572.0629797974098
2572.062737560981
2572.0625139037584
2572.062311622525
2572.062132818267
2572.0619788230197
2572.061850153392
2572.0617464956745
2572.0616667262666
2572.061608969635
2572.0615706940002
2572.0615488425747
2572.061539995601
2572.0615405557755
2572.061546947143
2572.061549667321
2572.061549385898
2572.061548236179
2572.061545996323
2572.0615426706104
2572.0615382743745
2572.0615328340514
2572.0615263872114
2572.0615189825367
2572.061510679729
2572.061501549314
2572.0614916723243
2572.0614811398323
2572.061470052301
2572.0614585187354
2572.061446655622
2572.061434585614
2572.0614224359806
2572.0614103367934
2572.0613984188694
2572.0613868114756
2572.061375639829
2572.061365022431
2572.061355068299
2572.0613458741577
2572.061337521697
2572.0613300749847
2572.0613235781666
2572.0613180535756
2572.0613135004
2572.0613098940107
