6084.570020506041
5880.942452576893
5737.12638678058
5619.665257672862
5518.0511940603565
5427.204572505937
5344.264669528894
5267.481480830825
5195.706046154795
5128.135304616297
5064.064347729138
5003.024576776664
4944.639350808717
4888.602741864944
4834.606959505588
4782.497283848317
4732.1091724794705
4683.23064079142
4635.763927030927
4589.591236510913
4544.669564292721
4500.94396477332
4458.348904684783
4416.803958421356
4376.246062032755
4336.579927087351
4297.760704164394
4259.736507227788
4222.471530392793
4185.990838888941
4150.225247460317
4115.108465596842
4080.648720431022
4046.8389012398047
4013.6100930356656
3980.9312611497367
3948.7951860906014
3917.2371151941975
3886.23809764153
3855.7483345416777
3825.7907238909006
3796.3123162875545
3767.266258781463
3738.6713775499957
3710.5532635611867
3682.9271489693147
3655.7314960528715
3628.969183139483
3602.6209953125285
3576.759483675694
3551.241853004642
3526.129674016307
3501.3755504334654
3476.97059082116
3452.918420546752
3429.2459544902777
3405.9148628675807
3382.9498898239335
3360.2997366073155
3337.8971994564245
3315.7949067638474
3293.967678476559
3272.428574451423
3251.1838974360144
3230.2657468788457
3209.697461372796
3189.3865363759287
3169.3909759355893
3149.733684024867
3130.3598870591195
3111.333971827893
3092.6021984201916
3074.0582332264207
3055.708518719721
3037.6477805021036
3019.842881349082
3002.3246556315125
2985.0452552463416
2967.9905143525516
2951.153121820314
2934.5215190730105
2918.10836067197
2901.9068082864815
2885.9664362265594
2870.263051991896
2854.7779068934738
2839.5841302916706
2824.7269766596423
2810.105052422747
2795.670318998474
2781.4670566307873
2767.523376028769
2753.776355146304
2740.2298275593594
2726.8864708502933
2713.729360092182
2700.734583980494
2687.878983715243
2675.169645323667
2662.6010138350653
2650.185114002469
2637.906400211832
2625.7855731615477
2613.819605918103
2601.960820792482
2590.2537792835737
2578.777042761294
2567.448366347842
2556.2384611435373
2545.162734173359
2534.227636239944
2523.3914145743774
2512.737004514004
2502.1549330450957
2491.73697733314
2481.458321917278
2471.2975361271547
2461.2331269380484
2451.2982875204325
2441.4641669919292
2431.729577264433
2422.177050608483
2412.694704512629
2403.3088325235385
2394.046165073555
2384.8890530967833
2375.8327075042293
2366.868610218633
2357.968775846971
2349.1858177325257
2340.4627094177877
2331.892844166452
2323.382211219723
2314.9280082924665
2306.576447525794
2298.3632512324984
2290.2427962574834
2282.18426672691
2274.208740109749
2266.302736625069
2258.4787914012654
2250.7394966786624
2243.076175382562
2235.4743349673377
2227.9854338364976
2220.574802830107
2213.2651513896867
2206.024857692028
2198.829833693853
2191.787727534132
2184.779125293968
2177.888037011796
2171.0561346270424
2164.298212789269
2157.6361004460823
2150.973316911404
2144.406217253336
2137.9109110543095
2131.4498154538514
2125.0337778879016
2118.7032109331644
2112.411981541297
2106.157119886179
2099.9633164087554
2093.8370183630723
2087.735571687315
2081.723740619181
2075.7268939117916
2069.842954815395
2063.9734861900965
2058.091489888541
2052.356862241094
2046.6034795339735
2040.9388554368477
2035.3018277097417
2029.6884275497528
2024.147842812909
2018.6584037193288
2013.2111307726962
2007.819234405909
2002.4587020889303
1997.1293238285928
1991.8680303151618
1986.5655092230838
1981.3875633242174
1976.200918694947
1971.0616218357757
1965.9791042437294
1960.8849025477602
1955.856893140961
1950.8749814924056
1945.8982716860362
1940.9540023988245
1936.0685351941922
1931.2342177797123
1926.3866217630523
1921.6503043765417
1916.9069263060258
1912.2116439332522
1907.5307068049417
