6123.7135862872265
4614.548917352441
4024.0647212382123
3574.518691259157
3243.5462131622726
2996.7295520976395
2803.5780663075984
2643.9304806657415
2510.5395333203305
2393.0542599395994
2286.7243715012683
2188.830792709951
2098.7413538893184
2013.4020447226483
1931.7531512787764
1856.7523404217307
1783.8100910928779
1716.3372448164953
1649.6855179622903
1588.2786926014378
1528.6222865742563
1473.8734462968068
1417.6168777237708
1364.8521764372722
1308.850253404844
1263.7275491749017
1217.72732294192
1171.7445125207414
1137.14802282134
1093.063567897196
1066.160802714442
1010.6893311389472
986.6099927448477
952.2909720770969
930.4968671146712
883.187381320072
865.7168583897925
834.7145664346855
858.0305362118072
797.9678162571241
716.6488103386434
687.1840970228112
663.9269906361513
644.7561423067915
629.5048699753772
617.9794843226281
601.5646803898844
587.5126252019385
575.1824509036048
564.6343763779249
567.3713767036867
617.2199075328537
530.5634930561208
517.3071407049091
509.482293353801
503.51500770295263
498.93808450184827
493.6279009293646
488.4426736127641
483.5335373019699
480.86442417962303
478.0441977382151
476.2321248041983
475.35180673047904
477.8121385402231
472.61771234407917
458.2239551057861
452.6098142066318
448.9822899440183
446.08762730753153
444.6036581881116
444.1941924477371
443.87736822575215
442.28916908283173
444.5073910045438
437.7740227168865
430.21837100260757
426.0724150476564
423.1572663768289
421.68339442757275
420.5219840741082
417.96613332405565
415.92648648471294
414.24907686246974
413.8507799985345
412.56730609741714
411.8947952085482
415.10894601336105
412.5473518286412
404.0435587244187
400.66135652926033
398.81670050510957
397.6109219251532
396.72836391104465
395.2814233959335
394.6351869166929
396.75890438910847
395.43021611169206
390.31576836529865
388.12370828621755
386.64365159542984
385.64609612765423
384.98126357903243
384.16262795641984
385.1172710383433
385.0233748466324
381.32360985864244
379.7805466244879
378.7073148768863
378.2054457889951
377.77274949983405
377.20947287310645
376.42083239899557
375.89949922800423
375.7235061101463
375.60202177944717
376.5236872367043
376.7269861693187
372.8486378253501
372.0246229220338
371.39915714134247
370.851485420462
370.4651351404825
370.12556095771504
369.7597479685758
369.3367972809554
369.0363405072427
368.93485411632184
368.7302759602859
368.69577250874187
368.25738267568937
368.02218666288695
367.7541669599499
367.55993247197466
366.77529349923896
366.7424018138898
366.7694385150201
366.49036245937344
365.00022070845006
364.32664754757536
363.870766948986
363.5167095059764
363.47643801712394
363.14383974044216
362.848845788998
362.85624739011945
363.13227571298796
361.8462504969266
361.52649714836855
361.27016561211065
361.03803464364364
360.89172041287605
360.7268160845831
360.55523292433116
360.429231789262
360.3021182415778
360.14117223052455
360.09269762288193
359.96158826893867
359.851542764434
359.7289572065168
359.6416447640979
359.79485789065205
359.67021591121494
359.11470483122014
358.84329936534715
358.6716272091197
358.5605514943125
358.4858955974123
358.46789817262226
358.4749840182673
358.3486276355392
358.0159245185072
357.86534275493847
357.7484177004998
357.70188642765885
357.6547875810088
357.57878206075884
357.55796722792144
357.5395468251134
357.6486105852244
357.44752304207026
357.1904694408566
357.04881479259524
356.95572280098065
356.9288574571395
356.8706185089629
356.79358658945614
356.74660887972163
356.71915897980296
356.67010722529005
356.63950765179345
356.74202903154264
356.610852200474
356.3695876220582
356.2781523794554
356.1976690764659
356.13216757120074
356.09443951494154
356.08046325140185
