4226.118359873993
3868.7278184873453
3740.266014409685
3625.540279074512
3522.8491678667087
3430.7166241044742
3347.869226787774
3273.2102434544713
3205.7948536166746
3144.8079640712426
3089.5449352366477
3039.395101790687
2993.8278031126974
2952.3805897798584
2914.6492777997996
2880.2795520824216
2848.9598595520815
2820.4153724349117
2794.40283976271
2770.706178330478
2749.132682725007
2729.5097577139454
2711.6820956428546
2695.509237034592
2680.8634648397265
2667.627992242684
2655.6954110444462
2644.966372843931
2635.348478924152
2626.755357285948
2619.105906997009
2612.323691224878
2606.336461226196
2601.0757943277085
2596.4768296485236
2592.478086015714
2589.0213472245705
2586.051600490884
2583.517014646462
2581.3689453699535
2579.561955567803
2578.0538399755733
2576.805644181467
2575.781669607095
2574.94945751586
2574.279746830046
2573.746402372668
2573.3263120381166
2572.9992532525885
2572.7477308215202
2572.556789789398
2572.413808179753
2572.3082753792987
2572.231562441494
2572.176690699629
2572.138104813339
2572.111455767788
2572.0933984666854
2572.0814074907594
2572.073613423335
2572.068660966274
2572.0655889671734
2572.063731522394
2572.0626385602986
2572.0620137722212
2572.061667449163
2572.061481683327
2572.061385472122
2572.061337474792
2572.0613144707886
2572.0613039088394
2572.061299277767
2572.0612973452357
2572.0612965806263
2572.0612962949926
2572.061296194709
2572.06129616179
2572.061296151743
2572.0612961489123
2572.0612961481816
2572.0612961480506
2572.0612961494426
2572.0612962052855
2572.061296541876
2572.0612964067345
2572.061296150276
2572.06129614797
2572.0612961479637
2572.0612961479646
2572.0612961479637
2572.0612961479637
2572.0612961479637
2572.0612961479646
2572.061296147964
2572.0612961479637
2572.0612961479637
2572.0612961479637
2572.0612961479646
2572.061296147964
2572.0612961479633
2572.0612961479637
2572.0612961479646
2572.0612961479637
2572.0612961479637
2572.0612961479637
2572.0612961479637
2572.0612961479637
2572.0612961479637
2572.0612961479637
2572.0612961479646
2572.0612961479637
2572.0612961479646
2572.0612961479637
2572.061296147964
2572.061296147964
2572.0612961479637
2572.061296147964
2572.0612961479637
2572.061296147964
2572.061296147964
2572.0612961479637
2572.061296147964
2572.061296147964
2572.061296147964
2572.061296147964
2572.0612961479646
2572.0612961479646
2572.0612961479646
2572.0612961479646
2572.0612961479646
2572.0612961479646
2572.0612961479646
2572.0612961479646
2572.0612961479646
2572.0612961479646
2572.0612961479646
2572.0612961479646
2572.0612961479646
2572.0612961479646
2572.0612961479646
2572.0612961479646
2572.0612961479646
2572.0612961479646
2572.0612961479646
2572.0612961479646
2572.0612961479646
2572.0612961479646
2572.0612961479646
2572.0612961479646
2572.0612961479646
2572.0612961479646
2572.0612961479646
2572.0612961479646
2572.0612961479646
2572.0612961479646
2572.0612961479646
2572.0612961479646
2572.0612961479646
2572.0612961479646
2572.0612961479646
2572.0612961479646
2572.0612961479646
2572.0612961479646
2572.0612961479646
2572.0612961479646
2572.0612961479646
2572.0612961479646
2572.0612961479646
2572.0612961479646
2572.0612961479646
2572.0612961479646
2572.0612961479646
2572.0612961479646
2572.0612961479646
2572.0612961479646
2572.0612961479646
2572.0612961479646
2572.0612961479646
2572.0612961479646
2572.0612961479646
2572.0612961479646
2572.0612961479646
2572.0612961479646
2572.0612961479646
2572.0612961479646
2572.0612961479646
2572.0612961479646
2572.0612961479646
2572.0612961479646
2572.0612961479646
2572.0612961479646
2572.0612961479646
2572.0612961479646
2572.0612961479646
2572.0612961479646
2572.0612961479646
2572.0612961479646
2572.0612961479646
2572.0612961479646
2572.0612961479646
2572.0612961479646
2572.0612961479646
2572.0612961479646
2572.0612961479646
2572.0612961479646
2572.0612961479646
2572.0612961479646
2572.0612961479646
2572.0612961479646
2572.0612961479646
2572.0612961479646
2572.0612961479646
2572.0612961479646
2572.0612961479646
2572.0612961479646
2572.0612961479646
2572.0612961479646
2572.0612961479646
2572.0612961479646
2572.0612961479646
2572.0612961479646
2572.0612961479646
2572.0612961479646
2572.0612961479646
2572.0612961479646
2572.0612961479646
2572.0612961479646
2572.0612961479646
2572.0612961479646
2572.0612961479646
2572.0612961479646
2572.0612961479646
2572.0612961479646
2572.0612961479646
2572.0612961479646
2572.0612961479646
2572.0612961479646
2572.0612961479646
2572.0612961479646
2572.0612961479646
2572.0612961479646
2572.0612961479646
2572.0612961479646
2572.0612961479646
2572.0612961479646
2572.0612961479646
2572.0612961479646
2572.0612961479646
2572.0612961479646
2572.0612961479646
2572.0612961479646
2572.0612961479646
2572.0612961479646
2572.0612961479646
2572.0612961479646
2572.0612961479646
2572.0612961479646
2572.0612961479646
2572.0612961479646
2572.0612961479646
2572.0612961479646
2572.0612961479646
2572.0612961479646
2572.0612961479646
2572.0612961479646
2572.0612961479646
2572.0612961479646
2572.0612961479646
2572.0612961479646
2572.0612961479646
2572.0612961479646
2572.0612961479646
2572.0612961479646
2572.0612961479646
2572.0612961479646
2572.0612961479646
2572.0612961479646
2572.0612961479646
2572.0612961479646
2572.0612961479646
2572.0612961479646
2572.0612961479646
2572.0612961479646
2572.0612961479646
2572.0612961479646
2572.0612961479646
2572.0612961479646
2572.0612961479646
2572.0612961479646
2572.0612961479646
2572.0612961479646
2572.0612961479646
2572.0612961479646
2572.0612961479646
2572.0612961479646
2572.0612961479646
2572.0612961479646
2572.0612961479646
2572.0612961479646
2572.0612961479646
