4392.405299089261
4023.9794886212862
3638.7900351690814
3313.544733685925
3078.903596753091
2931.5002762884646
2851.8616318142685
2817.023501557469
2806.827163895731
2806.2260001333934
2805.5606384275393
2799.809134053422
2787.4258300830093
2769.2932831309054
2747.7422748157214
2725.2983073669147
2703.54840803546
2683.16050889358
2664.8973794376475
2650.0198406694876
2639.4144994833796
2632.6282560837562
2627.9970689802126
2623.549809847058
2618.1237642367337
2611.970928565454
2606.0115161594736
2600.7128194868646
2596.1004796686184
2592.392922051242
2589.9831788343427
2588.688299783822
2587.4903809410266
2585.6407222799203
2583.587609287717
2582.1306617083437
2581.247904593771
2580.3302080962476
2579.1965809996773
2578.2524031173643
2577.673628176966
2577.0088282289157
2576.052341248187
2575.353841000408
2575.1353824004304
2574.9557068926733
2574.6517678764912
2574.3078801994648
2573.9810816459762
2573.78472883465
2573.6091323330347
2573.380199667622
2573.2279884100703
2573.054789923404
2572.8606905265733
2572.888348787473
2572.8366251540556
2572.96079229946
2573.034533290403
2573.147986198069
2573.321997961895
2573.5505091144887
2573.821212267693
2574.121791142767
2574.4413979208175
2574.770867851804
2575.1026612712003
2575.430747903177
2575.750463378805
2576.0583438164704
2576.3519487690164
2576.629685180626
2576.890642844396
2577.1344478958
2577.3611371483344
2577.5710533735196
2577.76476000038
2577.9429729197163
2578.106506841336
2578.2562337351123
2578.393051128857
2578.5178583380357
2578.631539008681
2578.734948637556
2578.828905981284
2578.914187476448
2578.9915239675206
2579.0615991831046
2579.1250495176428
2579.1824647700887
2579.2343895667827
2579.2813252564474
2579.3237321135407
2579.3620317246914
2579.3966094633133
2579.4278169815498
2579.4559746675272
2579.481374030662
2579.5042799892044
2579.524933043066
2579.5435513217417
2579.5603325022657
2579.575455595992
2579.5890826057976
2579.601360057337
2579.612420409391
2579.6223833492845
2579.6313569798926
2579.639438905078
2579.646717220452
2579.653271416296
2579.659173199292
2579.6644872394522
2579.669271848329
2579.673579594234
2579.6774578598656
2579.680949347332
2579.684092535255
2579.6869220922426
2579.6894692506953
2579.691762144608
2579.6938261146847
2579.695683983855
2579.697356305951
2579.698861590109
2579.700216503213
2579.701436052468
2579.7025337500427
2579.703521761487
2579.704411039527
2579.7052114446305
2579.7059318536676
2579.7065802578
2579.707163850678
2579.7076891078887
2579.708161858508
2579.7085873495635
2579.708970304064
2579.709314973283
2579.7096251838157
2579.7099043799653
2579.7101556619036
2579.710381820025
2579.710585365878
2579.7107685600186
2579.710933437071
2579.7110818283018
2579.7112153819357
2579.7113355814417
2579.7114437619994
2579.711541125311
2579.711628752949
2579.711707618356
2579.711778597653
2579.711842479369
2579.7118999731956
2579.7119517178694
2579.7119982882623
2579.712040201764
2579.7120779240386
2579.7121118741843
2579.7121424293946
2579.7121699291492
2579.712194678981
2579.7122169538725
2579.712237001308
2579.712255044027
2579.712271282499
2579.7122858971406
2579.7122990503335
2579.712310888219
2579.7123215423253
2579.7123311310293
2579.7123397608684
2579.7123475277294
2579.7123545179084
2579.712360809073
2579.712366471124
2579.7123715669713
2579.7123761532366
2579.712380280876
2579.712383995753
2579.712387339144
2579.712390348196
2579.712393056344
2579.712395493677
2579.712397687277
2579.712399661518
2579.7124014383344
2579.7124030374703
2579.7124044766924
2579.7124057719916
2579.7124069377624
2579.7124079869554
2579.712408931229
2579.7124097810756
2579.7124105459375
2579.7124112343135
2579.7124118538513
2579.712412411436
