6072.732282181326
6072.236204661866
6071.885345717488
6071.434045550997
6070.886749665666
6070.24411445142
6069.504777381322
6068.666083981273
6067.724440386601
6066.675501503543
6065.514276694615
6064.235189846891
6062.832112193146
6061.298377772893
6059.626787181145
6057.809602984959
6055.838538905993
6053.70474410738
6051.39878345492
6048.910614323334
6046.22956032088
6043.3442821717035
6040.2427459016835
6036.912188406257
6033.339080429198
6029.50908694351
6025.4070248962435
6021.01681825508
6016.321450274872
6011.302912885073
6005.942153084093
6000.21901621267
5994.112185965523
5987.599120988165
5980.655987893747
5973.257590522779
5965.377295256642
5956.986952183547
5948.056811903243
5938.555437743798
5928.449613150661
5917.70424399432
5906.282255528537
5894.144483716218
5881.249560624195
5867.556685792664
5853.024795318163
5837.601907578605
5821.233759914358
5803.866084323529
5785.441583331152
5765.899764257835
5745.176764518472
5723.205167471783
5699.943770486871
5675.305983525924
5649.212118912162
5621.581442313783
5592.335474132024
5561.362769427474
5528.576414471917
5493.879934536724
5457.303205048838
5418.690013693987
5377.993348479771
5335.119419812843
5289.959742224185
5242.673425171253
5193.343913725619
5141.454008056082
5086.8731070598715
5029.481796835401
4969.482310017271
4906.621777499964
4840.828238454011
4771.708120737092
4699.233475935774
4624.167850591387
4546.263385108876
4466.662283292081
4385.183772649151
4301.16784999245
4215.056897922301
4127.162316845917
4037.4832345210525
3946.1729743789183
3854.137059149249
3763.2551306817704
3672.8532320395866
3584.727673069443
3497.5034764703537
3412.2290723372203
3329.4055403836087
3249.3950238703324
3171.670611811055
3097.4417245456343
3025.972086639845
2957.234832866082
2892.466988208458
2831.165937008433
2772.102391919755
2715.2164221216476
2659.833200171359
2606.3322792891186
2555.3776414961
2506.6710267865114
2459.61614984559
2413.438080274783
2368.2463772741444
2323.469709667063
2279.0269842932785
2235.655066066362
2193.098146269199
2151.385267092331
2109.477270152775
2068.475562163301
2026.9778859143341
1985.7673743177409
1943.9624119333712
1901.6055588615372
1859.1786183770491
1817.1443419171421
1775.3327611512366
1732.9495516313984
1689.9362313141303
1647.8065129922409
1605.756006939576
1564.175670188496
1522.517227312559
1480.4446390231908
1438.2007270879692
1396.8620102120167
1355.9931055705063
1315.0769323799616
1275.3259583472334
1235.8731857767834
1195.6916169007864
1155.9053234197347
1116.9659892814827
1077.8694843019946
1040.1702313118417
1003.1728742680144
967.9522021640948
933.9989843190649
900.6676159021919
867.5265879120574
835.0192091079355
803.723314710584
772.2579250693138
741.9540324418043
713.6264970837146
686.1271081310796
661.1156872556305
635.4138081029774
609.9053187553433
585.3708311751564
562.6131721947961
541.4079539766564
520.8382734236104
500.0792814556336
480.326356281067
461.2970005552417
443.1215510649407
425.9080639807333
409.80665246811185
394.9471634733551
378.22887154497306
363.66994221762053
349.5009140698625
335.91501455926516
323.1986860520898
313.52667919270414
300.32617105295617
291.08063317764186
282.5772450292073
276.21450608342775
268.018959576588
261.3772070954656
252.9012730344252
247.5119514480278
243.24181984574167
237.14254233416247
231.21917577104634
229.0356315558397
223.88891213130373
222.1717299549629
217.46644408316624
214.61796517842134
211.99494203799372
208.52758378095058
208.88559256228584
206.68874287746445
204.42485450416922
202.57237276129393
201.24955350548797
198.7197406718304
200.23151828653639
198.69229719830096
196.42359913859147
193.19293159995456
