4375.272784419019
4272.036564037765
4237.4804202132555
4208.3913739119735
4182.391155797914
4158.370811550427
4135.710145097187
4114.021842791507
4093.045250069613
4072.5951801302845
4052.534543967354
4032.758547527973
4013.1850103517004
3993.748148733564
3974.3944284777995
3955.0797101874014
3935.7672324839164
3916.426155974132
3897.03049286467
3877.558308153554
3857.991116042394
3838.3134192080456
3818.512354236749
3798.577416986026
3778.500248771601
3758.2744692276065
3737.8955451817437
3717.3606873876
3696.6687687695594
3675.820259165545
3654.81717253856
3633.6630233656088
3612.362789471928
3590.9228790188354
3569.3510998742745
3547.656632496987
3525.850042158188
3503.9432336129935
3481.9488571865195
3459.8817423917185
3437.7574188764656
3415.5919256069033
3393.4029581095683
3371.2093166338695
3349.031663324621
3326.8904835901803
3304.8066114353364
3282.802352151392
3260.905216011038
3239.1296623130447
3217.4993346030933
3196.0397178765816
3174.77175188911
3153.7222847525277
3132.908303229397
3112.363709033884
3092.1109365406473
3072.1611513448474
3052.521550832799
3033.2130872387315
3014.275717267707
2995.7516098651195
2977.622445441251
2959.891934011902
2942.5988303361455
2925.746666763581
2909.4088470558772
2893.4895520326927
2878.041531733143
2863.0844638120793
2848.584699786014
2834.596645652751
2821.067187673804
2808.023449863435
2795.488375861794
2783.4603817220227
2771.9132911104043
2760.8041664879192
2750.1971579652427
2740.039677092025
2730.3954474159573
2721.2803227893664
2712.6746269570426
2704.348083229076
2696.493532752024
2689.2705407431645
2682.545917890674
2676.162293274471
2670.231502090593
2664.7189258471785
2659.6218457504706
2654.9711065599736
2651.167007116885
2647.820413601653
2644.3929931936705
2641.5486833557525
2639.555555305325
2638.2848928494786
2638.1131188342247
2638.146630186696
2639.145999510828
2606.786349270778
2605.8826278071588
2605.1139077211665
2604.3686230708095
2603.6168315616537
2602.8495981332235
2602.0726861309263
2601.2890446821457
2600.4872869716714
2599.6767716350487
2598.8722317147185
2598.0544288922097
2597.252997967985
2596.4454490938483
2595.574550938949
2594.8065252568827
2593.991739619237
2593.088964572143
2592.2343274596515
2591.4014673855772
2590.6484857764417
2590.0494848049743
2589.2427297408667
2588.6294963455234
2587.6729013426648
2587.1448112426588
2586.8934646479893
2586.181790374477
2585.4481460885345
2584.424459310218
2583.9254881434513
2583.27070384882
2582.533399022811
2582.3655669843333
2582.1573372205366
2582.17420082426
2580.918702646895
2578.994015991153
2578.5418226316838
2578.24360245512
2577.974376685264
2577.8283991298163
2577.672023283847
2577.4319273983997
2577.379711479378
2577.268642291914
2576.914581853211
2576.6917979154264
2577.0912912456715
2576.917810355826
2575.546428714037
2575.377901862341
2575.3177244604854
2575.2459800343427
2575.105113469535
2574.994973887562
2574.966191631042
2574.9456706388155
2574.943910158823
2574.8332360279264
2574.6631815900023
2574.591283721375
2574.6324509697843
2575.010303093386
2573.988486887568
2573.904775764044
2573.8708836438236
2573.8414637522433
2573.8125637849867
2573.7832419833103
2573.7531867078455
2573.7222928153346
2573.6905293866957
2573.657892631637
2573.6243896701712
2573.590033428619
2573.554841283415
2573.5188348614915
2573.4820401578054
2573.4444877224005
2573.406212852422
2573.367255785549
2573.3276619630374
2573.2874827654737
2573.2467791662048
2573.2056446926663
2573.1643700216064
2573.1247527052547
2573.1007000911004
2573.1653025440073
2573.291986140918
2572.9883134459014
2572.967398983148
2572.9552573659994
2572.9439967025646
2572.9327225319244
2572.92117491517
2572.9092636193463
2572.896956929664
