4414.734345679075
4034.8217666568607
3896.642715250414
3537.049169985034
3238.497284135179
3026.246518875543
2906.269894018531
2862.3321484830844
2869.335392676967
2901.9698265439947
2957.0426969203486
3014.0494414440927
3074.9023758487497
3139.491415000063
3206.811845810177
3275.4832666759057
3344.139424208258
3411.6134265907785
3476.994199155325
3539.619283275994
3599.0420192959805
3654.992000704119
3707.337172616546
3756.050772051418
3801.183900049514
3842.8434595134104
3881.174785935925
3916.3481984685923
3948.548736701188
3977.968440098726
4004.8006316329493
4029.2357663597277
4051.4584924026185
4071.645644351436
4089.964948275852
4106.574265122155
4121.62123713644
4135.2432319428535
4147.567502559085
4158.711500245072
4168.783291702316
4177.882043608271
4186.098546447925
4193.5157566198795
4200.209341261776
4206.248214488607
4211.695057025536
4216.6068137491875
4221.035165589379
4225.026973714579
4228.624695030188
4231.8667688386195
4234.787975107592
4237.419765217571
4239.790566350683
4241.926060872385
4243.849442168508
4245.58164845287
4247.141576069908
4248.546273794052
4249.811119582333
4250.949981175894
4251.975361874962
4252.8985327349565
4253.729652351374
4254.477875320618
4255.151450384621
4255.757809189987
4256.30364651858
4256.7949927763175
4257.237279460829
4257.635398266772
4257.993754429974
4258.316314858092
4258.6066515461625
4258.867980729909
4259.103198187962
4259.314911065877
4259.5054665599
4259.676977766467
4259.831346974396
4259.970286650255
4260.095338343312
4260.207889714675
4260.309189875425
4260.400363200552
4260.482421769309
4260.556276567849
4260.622747576716
4260.682572853734
4260.736416711963
4260.784877082586
4260.828492143696
4260.8677462880105
4260.903075495235
4260.934872168382
4260.963489487397
4260.989245328188
4261.012425790377
4261.033288372783
4261.052064831762
4261.068963754043
4261.084172872546
4261.0978611508435
4261.110180659343
4261.121268264
4261.131247146266
4261.140228171145
4261.148311118517
4261.155585791387
4261.16213301336
4261.168025526411
4261.173328798911
4261.178101752871
4261.18239741849
4261.186263523263
4261.189743022187
4261.192874574967
4261.195692975508
4261.198229538454
4261.200512447099
4261.202567066491
4261.204416225253
4261.206080469197
4261.207578289606
4261.208926328667
4261.210139564386
4261.211231476987
4261.212214198699
4261.213098648539
4261.213894653636
4261.214611058421
4261.215255822886
4261.215836111032
4261.216358370469
4261.216828404046
4261.217251434335
4261.21763216165
4261.217974816277
4261.21828320548
4261.218560755789
4261.218810551094
4261.219035366887
4261.219237701114
4261.219419801933
4261.219583692681
4261.219731194363
4261.219863945881
4261.219983422254
4261.220090950994
4261.220187726865
4261.220274825149
4261.220353213609
4261.220423763224
4261.2204872578795
4261.220544403071
4261.220595833744
4261.2206421213505
4261.220683780197
4261.220721273158
4261.220755016826
4261.2207853861255
4261.220812718496
4261.22083731763
4261.220859456851
4261.220879382149
4261.220897314919
4261.220913454411
4261.220927979953
4261.220941052943
4261.220952818632
4261.220963407753
4261.220972937962
4261.22098151515
4261.220989234619
4261.220996182142
4261.2210024349115
4261.2210080624045
4261.221013127149
4261.221017685419
4261.221021787861
4261.221025480059
4261.221028803037
4261.221031793717
4261.22103448533
4261.221036907781
4261.221039087988
4261.221041050174
4261.221042816142
4261.221044405511
4261.221045835944
4261.221047123334
4261.2210482819855
4261.221049324771
4261.221050263279
4261.221051107934
4261.221051868126
4261.221052552298
4261.221053168053
4261.221053722231
4261.221054220992
4261.221054669877
4261.221055073875
4261.221055437471
4261.221055764709
4261.221056059223
4261.221056324284
4261.22105656284
4261.22105677754
4261.22105697077
4261.221057144678
4261.221057301194
4261.22105744206
4261.221057568839
4261.221057682938
4261.221057785629
4261.2210578780505
