4354.092747191003
4047.557018628506
3994.353731070141
3945.066504463698
3897.141519258192
3849.871616043857
3802.993867034749
3756.4143741384773
3710.118764017097
3664.1354029463037
3618.517716260722
3573.3345695669345
3528.6644193001903
3484.591366993695
3441.2022444675313
3398.5843034312193
3356.823389399075
3316.0017820469834
3276.1974807790502
3237.4822333162415
3199.9223510437646
3163.5735859268702
3128.485679571056
3094.697178559843
3062.2432032154184
3031.1441250799908
3001.419599001918
2973.0764039999553
2946.10619472079
2920.512822714599
2896.292275256786
2873.401187272484
2851.7821884159343
2831.440666342405
2812.3036289359097
2794.34130024092
2777.4978431789873
2761.7564621899915
2747.1885983722395
2733.679828623263
2720.888302227193
2709.1987908062506
2698.3363606841885
2688.381741607637
2679.369657386462
2671.010494057926
2663.527269427368
2656.8294414009797
2650.8389872011253
2645.6401694232445
2641.3240371228444
2637.747477071671
2635.1869693555
2633.379183566984
2632.580344738206
2632.743421683238
2634.337717862547
2600.8477330100054
2600.02583608621
2599.24025204816
2598.4446730156924
2597.6364493595825
2596.816580969716
2595.9871378688595
2595.1507772274713
2594.3087388009917
2593.4601624196207
2592.6054853435535
2591.7477397278876
2590.8951135899642
2590.0462607844106
2589.198945196204
2588.36062454222
2587.542482622216
2586.741581970012
2585.9364412406085
2585.1565099900763
2584.418855211212
2583.68186117896
2582.9737793926706
2582.2981288982696
2581.679100313609
2581.0436335260724
2580.4763179246956
2580.050725739766
2579.5135450772204
2579.055015192441
2578.760403362704
2578.4048368548542
2578.11355179114
2577.9520260824797
2577.9129446214047
2577.602416276497
2577.8259464661305
2577.928042020842
2574.5018087823396
2574.3842439199443
2574.3130543951397
2574.241437135548
2574.1691902120356
2574.0968950647402
2574.0254214039783
2573.955139992876
2573.885170355587
2573.8153443514475
2573.7472062999523
2573.6817593644173
2573.62286184319
2573.5641188507398
2573.5014312005724
2573.4505012295476
2573.405895283043
2573.360015131737
2573.322879352868
2573.312054575722
2573.3002192532376
2573.281944953228
2573.260032621979
2573.3296085750444
2573.4778181588817
2572.721117223409
2572.67502685352
2572.661093494117
2572.646993401515
2572.6325480718615
2572.6177463965214
2572.6025970973897
2572.5871158164737
2572.571324688331
2572.555257407198
2572.538976296815
2572.5226223116965
2572.5065152697457
2572.49111495375
2572.4765007242454
2572.4620343150013
2572.4476871843854
2572.43460353053
2572.4256531139126
2572.425121326591
2572.4249803076927
2572.44270284334
2572.4582733308016
2572.326713453556
2572.3205883990877
2572.3165102631106
2572.312299983868
2572.307944190537
2572.3034421005614
2572.298793519059
2572.2939987859677
2572.2890588226555
2572.2839751817264
2572.278750097013
2572.2733865330897
2572.267888233555
2572.2622597673085
2572.256506571919
2572.250634993098
2572.2446523192034
2572.2385668096235
2572.232387715807
2572.2261252936723
2572.2197908060825
2572.213396514087
2572.2069556557003
2572.2004824115675
2572.193991860836
2572.187499967041
2572.1810240122704
2572.17458833838
2572.168298778486
2572.163378616855
2572.1723071437073
2572.1904822852284
2572.147613160198
2572.1451990731666
2572.1437411878596
2572.1422388507626
2572.1406882635265
2572.139089124174
2572.137441639991
2572.135746268222
2572.1340036962156
2572.1322148518393
2572.1303809186084
2572.128503351336
2572.126583891352
2572.1246245811303
2572.1226277791457
2572.120596179602
2572.118532859604
2572.116441470251
2572.114327233567
2572.1122029235717
2572.1101286347302
2572.1084776632783
2572.108922704918
2572.112553428882
2572.102968531999
2572.10197192134
2572.1014409091085
2572.100891088201
2572.1003207406984
2572.099729553366
2572.0991172598133
2572.0984836444904
2572.0978285489687
2572.0971518785186
2572.096453608973
2572.0957337938175
2572.0949925714767
2572.0942301727073
2572.0934469280737
2572.092643275367
2572.091819766908
2572.0909770766107
2572.0901160066715
2572.0892374937457
2572.088342614468
2572.0874325901164
2572.086508790273
2572.0855727352596
2572.084626097155
2572.083670699197
2572.082708513343
2572.0817416558048
2572.080772380361
2572.079803069313
2572.0788362225853
2572.077874453861
2572.0769206394625
2572.075980868524
2572.0751242180063
2572.075771821066
2572.0944535402464
2572.075764161235
2572.0726400395088
2572.0724084600442
2572.072187342974
2572.0719623756127
2572.071731456332
2572.07149419217
2572.071250561899
2572.0710006754057
2572.0707447325585
2572.0704830549976
2572.070216229712
2572.0699456172133
2572.069675280699
2572.069419917968
2572.069238188809
2572.069342349741
2572.0700475201265
2572.0683788393526
2572.068295480156
2572.068222032769
2572.0681461518593
2572.06806724389
2572.067985222398
2572.0679000179966
2572.067811565724
2572.067719805608
2572.0676246834673
2572.0675261517954
2572.067424170677
2572.067318708775
2572.06720974437
2572.06709726644
2572.0669812757947
2572.0668617862393
2572.066738825774
2572.0666124378113
2572.0664826824022
2572.066349637455
2572.0662133999313
2572.0660740870076
2572.065931837161
2572.0657868111875
2572.065639193086
2572.0654891908234
2572.06533703691
2572.065182988783
2572.0650273289375
2572.0648703648003
2572.0647124282773
2572.0645538749695
2572.0643950830017
2572.0642364514474
2572.064078398317
2572.0639213580935
2572.0637657787915
2572.063612118549
2572.0634608417486
2572.0633124146843
2572.0631673008147
2572.0630259557047
2572.062888823587
2572.0627564076885
2572.0626325100293
