4382.34734435028
4011.176839866938
3876.6865852945793
3756.2203516168856
3648.0630571511197
3550.704228306652
3462.8318822601354
3383.3139197382625
3311.1759120237048
3245.579301536808
3185.801639283175
3131.219345843952
3081.2929675380374
3035.5546874198144
2993.5977845754423
2955.067736573727
2919.6546899734158
2887.0870633027425
2857.126086783672
2829.5611192755223
2804.2056140398017
2780.8936308068983
2759.4768126430026
2739.821762870359
2721.807770425121
2705.3248421488147
2690.272008144454
2676.555871965965
2664.0893814746523
2652.790799066314
2642.582851979557
2633.3920448208128
2625.148117504989
2617.7836326656948
2611.233677322252
2605.435664235164
2600.329218938262
2595.8561388978806
2591.9604116242062
2588.5882788788294
2585.688334440908
2583.211643282423
2581.111870532013
2579.345409336247
2577.8714976949886
2576.652315565688
2575.6530549853615
2574.841957610336
2574.190315864864
2573.6724357493063
2573.26556120799
2572.9497617155057
2572.7077863313903
2572.524888828293
2572.3886295618913
2572.288660481334
2572.216500053717
2572.165304891161
2572.1296445399603
2572.105285253186
2572.088987674074
2572.0783222759596
2572.071505214909
2572.06725603801
2572.064677536624
2572.0631570133883
2572.0622874025707
2572.0618060823995
2572.061548858255
2572.0614164666736
2572.0613510206913
2572.0613200414437
2572.0613060459264
2572.061300033377
2572.061297586921
2572.0612966482913
2572.0612963104
2572.0612961969027
2572.0612961615516
2572.061296151418
2572.061296148913
2572.0612961535617
2572.061296359787
2572.061297603465
2572.0612971036594
2572.061296156491
2572.061296147993
2572.061296147971
2572.061296147969
2572.0612961479683
2572.0612961479674
2572.0612961479674
2572.061296147967
2572.061296147966
2572.0612961479655
2572.0612961479655
2572.0612961479646
2572.0612961479655
2572.061296147965
2572.0612961479646
2572.0612961479655
2572.061296147965
2572.061296147965
2572.061296147965
2572.0612961479655
2572.0612961479655
2572.0612961479655
2572.0612961479655
2572.0612961479646
2572.0612961479655
2572.061296147965
2572.061296147965
2572.0612961479655
2572.061296147965
2572.0612961479646
2572.0612961479646
2572.0612961479655
2572.061296147965
2572.061296147965
2572.0612961479646
2572.061296147965
2572.0612961479646
2572.0612961479655
2572.0612961479655
2572.0612961479655
2572.0612961479655
2572.061296147966
2572.0612961479655
2572.0612961479655
2572.0612961479655
2572.0612961479655
2572.0612961479655
2572.0612961479655
2572.0612961479655
2572.0612961479655
2572.0612961479655
2572.0612961479655
2572.0612961479655
2572.0612961479655
2572.0612961479655
2572.0612961479655
2572.0612961479655
2572.0612961479655
2572.0612961479655
2572.0612961479655
2572.0612961479655
2572.0612961479655
2572.0612961479655
2572.0612961479655
2572.0612961479655
2572.0612961479655
2572.0612961479655
2572.0612961479655
2572.0612961479655
2572.0612961479655
2572.0612961479655
2572.0612961479655
2572.0612961479655
2572.0612961479655
2572.0612961479655
2572.0612961479655
2572.0612961479655
2572.0612961479655
2572.0612961479655
2572.0612961479655
2572.0612961479655
2572.0612961479655
2572.0612961479655
2572.0612961479655
2572.0612961479655
2572.0612961479655
2572.0612961479655
2572.0612961479655
2572.0612961479655
2572.0612961479655
2572.0612961479655
2572.0612961479655
2572.0612961479655
2572.0612961479655
2572.0612961479655
2572.0612961479655
2572.0612961479655
2572.0612961479655
2572.0612961479655
2572.0612961479655
2572.0612961479655
2572.0612961479655
2572.0612961479655
2572.0612961479655
2572.0612961479655
2572.0612961479655
2572.0612961479655
2572.0612961479655
2572.0612961479655
2572.0612961479655
2572.0612961479655
2572.0612961479655
2572.0612961479655
2572.0612961479655
2572.0612961479655
