4399.0313186991525
4295.169726369196
4260.396599088854
4231.126571510113
4204.965107116268
4180.796194537134
4157.995713181704
4136.173891745525
4115.068410595848
4094.4928888572294
4074.3093430455706
4054.412284950804
4034.718978976568
4015.163185517781
3995.69098679076
3976.2579131599978
3956.8269124285302
3937.3668831163636
3917.851595532281
3898.2588859120906
3878.570046887135
3858.769361711374
3838.8437454381374
3818.7824667541686
3798.5769313371725
3778.2205125652317
3757.7084189027005
3737.03758978736
3716.2066136557055
3695.2156630729437
3674.066442920892
3652.7621483367006
3631.3074296551567
3609.708362034461
3587.9724177759645
3566.1084396048686
3544.1266134222733
3522.038439703641
3499.856712330515
3477.595657063995
3455.271444680864
3432.899028464286
3410.4946405783676
3388.078960866244
3365.6708165816535
3343.2911884358514
3320.9680707365455
3298.713445359419
3276.5504164625245
3254.5112761562464
3232.609977965002
3210.869246129885
3189.309943944745
3167.96270493707
3146.8400368184307
3125.9945296415744
3105.445383349236
3085.1485764695426
3065.2090874251285
3045.6127373753534
3026.3650453618757
3007.5035255144276
2989.049582379918
2971.012217345612
2953.409534653063
2936.247011191718
2919.5638337346486
2903.3604760080125
2887.578373466689
2872.284131723555
2857.4663467614605
2843.1735707199623
2829.336517206852
2816.0220009876343
2803.17001798433
2790.857107879682
2779.035282642995
2767.612589383585
2756.704773667273
2746.4195688536242
2736.4234533325866
2726.977085977778
2718.057964305529
2709.467229626813
2701.3897672029034
2693.7824517264617
2686.71681801038
2680.1778650478286
2674.0639059889545
2668.1826861733616
2662.9352983461536
2657.8179931655745
2653.500398624377
2649.6860564852896
2646.0955772595325
2644.0273403006577
2641.000730116007
2639.4562673447836
2638.4238577146098
2639.054224880148
2640.3761285359183
2608.989855989465
2607.9003226427385
2607.0964473363674
2606.3194780782933
2605.5353522438068
2604.743812840984
2603.939764173413
2603.113138900962
2602.2720193454747
2601.4323094208335
2600.5865386525434
2599.720151983831
2598.87581157119
2598.04505404881
2597.1769970051546
2596.3683024153875
2595.5585557964914
2594.677115550382
2593.9490440360673
2592.9866630500555
2592.060726567227
2591.352607051722
2590.3881174733347
2589.7121313390953
2588.7966795581624
2588.233224384503
2587.390928278279
2586.592829012851
2585.9944014060416
2585.1907097942067
2584.8032860606722
2584.43740614357
2584.329340359158
2584.267733716585
2583.5144220521624
2583.245428762816
2582.4123773892366
2584.1692990544293
2582.827870388438
2578.6299025776007
2578.1279798325713
2577.8310637409095
2577.7902262062416
2577.952260310057
2577.6725901176633
2576.9341015393884
2576.787789923215
2576.6758856101405
2576.568901243201
2576.4523222430566
2576.3168089199626
2576.1793487742557
2576.0478692723455
2575.9152276767045
2575.8056147405164
2575.7426048768875
2575.8129240056833
2575.7445043066264
2575.272506223411
2575.1878369841756
2575.1172513529937
2575.0466256851555
2574.9755569936747
2574.9048994530094
2574.836596757374
2574.7737668116615
2574.718545595583
2574.665921907218
2574.611285059565
2574.55309444505
2574.525515612064
2574.5755142185935
2574.554103343497
2574.155031453817
2574.102464625082
2574.0596252036385
2574.0164192996012
2573.9724558698804
2573.9279290730606
2573.88343139313
2573.840223386727
2573.7999506106657
2573.7618649179676
2573.722761900099
2573.6956846357293
2573.707529129945
2573.7167644748497
2573.5177932724864
2573.496628101776
2573.4825969875174
2573.4690445711817
2573.455158464237
2573.4407875133393
2573.4258854679942
2573.410431303404
2573.3944114288947
2573.3778147934986
2573.360631627067
2573.342853221203
2573.3244719845866
2573.3054815664623
2573.2858769990557
2573.265654848386
2573.2448133710695
2573.2233526760515
2573.2012748902234
2573.17858432675
2573.155287654679
2573.131394068175
2573.106915453528
2573.0818665517627
2573.0562651144896
2573.030132050346
2573.003491559147
2572.9763712506233
2572.9488022444284
2572.9208192478864
2572.8924606078403
2572.863768332849
2572.834788081948
2572.8055691162313
2572.776164209652
2572.746629515615
2572.717024386313
2572.6874111421625
2572.657854789271
2572.62842268356
2572.5991841410523
2572.5702099958526
2572.5415721408385
2572.513344161894
2572.48564408498
2572.4604161609823
2572.520427789878
2574.104772338537
2572.5465421053304
2572.420259662733
2572.393165591134
2572.3807257982558
2572.3728502021313
2572.3670040169536
2572.36270643336
2572.360258587646
2572.3595065552327
2572.3588859704673
2572.3598697903485
2572.3735038519226
2572.317508423956
2572.314899200529
2572.312877074747
2572.3108966628192
2572.3088566996903
2572.3067374889256
2572.3045335500046
2572.302241911013
2572.299860100132
2572.2973857883107
2572.294816731378
2572.2921507721176
2572.289385855367
2572.286520046683
2572.2835515527677
2572.280478743406
2572.2773001748255
2572.2740146145015
2572.270621067321
2572.2671188030768
2572.263507385179
2572.259786700456
2572.2559569899104
2572.25201888021
2572.2479734156946
2572.243822090607
2572.2395668812205
2572.235210277498
2572.230755313822
2572.226205598335
2572.2215653403455
2572.2168393751926
2572.212033185939
2572.2071529211976
2572.202205408351
2572.1971981614065
2572.1921393826988
2572.187037957628
2572.181903441662
2572.1767460388214
2572.171576570935
2572.1664064370207
2572.16124756224
2572.156112336018
2572.1510135391195
2572.145964261981
2572.1409779074547
2572.1360724134624
2572.1314837673513
2572.139355106502
2572.7067950042315
2572.2552855235294
