6135.2739063880135
4618.147453429598
4026.2196768573126
3573.846371004416
3238.787140370099
2988.4379830476114
2796.6547601547168
2638.316681088086
2502.684354019223
2387.483688085038
2279.07714980368
2182.478232119134
2092.92774926081
2008.8161488591038
1930.554274916922
1855.778863384743
1786.8132343284315
1718.3969014556114
1655.1248498499347
1591.3809128738674
1530.1846527365012
1478.0177406342334
1418.302330619328
1370.1095829028127
1315.7759719471596
1270.278865120336
1224.8756122518264
1187.4848737530117
1137.0814506372265
1094.7957836686983
1054.1018112540953
1029.2049854588552
987.2415611707811
985.8623726396016
930.8024571470586
908.1447371487332
853.5792542915792
835.055046885702
801.6073555260755
806.4526171220018
780.0472792044048
693.8996781687077
663.552176696575
642.5880001627963
623.9079048828439
613.7266496457202
604.7922078240861
605.7305279409836
605.1797837518626
561.4503255590388
547.701293052892
538.4773641605534
528.91730986939
523.306487522628
522.4516382368232
525.1248566189239
524.1454286971476
497.39990120594643
488.7331362072067
483.5747337059532
480.1332454077284
476.10404206101356
471.44376584725495
472.46033926101916
472.9257909911936
461.41522458952704
457.76569610144315
454.96047075138273
452.704824721456
450.85488648620884
449.2572050151684
447.5713043319681
445.7286292940722
444.5227933549069
443.35845445367016
441.65610155633107
439.67314961592945
438.11733291021477
437.12876960624664
435.74158154124
435.8665229721125
434.2939487224235
430.47324771639154
427.85051569115046
426.44296797602664
425.50237023931686
424.464949299618
424.8750223595479
425.1677113640039
421.20462600328284
420.15687172767656
419.4382562588018
418.762159894962
418.1620255995218
417.6702195093696
417.21863787361883
416.70998009963137
416.1974347086664
415.61938814730433
415.38391526386556
415.1639799026501
414.553985068295
414.3265935144266
413.8987509007138
413.9434655184166
413.392865741892
411.91744594121127
411.12572918718513
410.5388952309184
410.10978980974056
409.7955146944175
409.7358263703993
409.85444448168386
409.4913465565865
408.3139878215107
407.8031666082926
407.5255948847424
407.31527788070474
407.14071002774506
406.97325227211303
407.0603179832692
406.6502173600368
406.0402451058308
405.7235473418751
405.44611213688694
405.2744530447657
405.1147162876914
405.03104109401045
405.1224999992539
404.90647892213264
404.4038301647089
404.16508131241204
403.96668091061156
403.82362979622314
403.81796559859555
403.70604242926316
403.6422260917308
403.5604678577238
403.66591866318214
403.3481180479082
403.0069120028653
402.80857371938737
402.67401700687674
402.56810534236
402.47818977568437
402.41463774493894
402.3161542178662
402.2383270521945
402.242212550505
402.14866409095987
401.8526408244543
401.69733492815584
401.62179650124307
401.55615838532594
401.5278072909255
401.48557568381995
401.54752478435176
401.37236226151634
401.1934149443324
401.1014679644603
401.03894778255557
400.95725511588296
400.932160053034
400.9060196653545
400.86664820876825
400.7949954396557
400.84753580728955
400.79013907099477
400.60217648852625
400.5106751839598
400.45379446711803
400.4322150013992
400.3861804462418
400.3444903909824
400.3034351156836
400.2685839717601
400.28701542951893
400.24997937338685
400.1190260613855
400.06375315892785
400.0308003180074
400.010612569007
400.00727525028685
399.9750421862487
399.98156952140164
399.93121494678144
399.84740985575604
399.80913982747717
399.7794193909262
399.7477664755277
399.7256333401036
399.72077377274974
399.6977613729434
399.67029606919084
399.6724551894185
399.66055658669933
399.59679493088237
399.55958681688713
399.536068491409
399.52551158941924
