6154.141912153469
5509.968428896473
5235.951338688651
4993.517518953065
4763.525536108915
4541.089050190159
4324.1919206189505
4112.959808569451
3907.088292888943
3706.805190304144
3514.332072914285
3331.3415355942493
3157.532338554818
2994.3749609657375
2843.0627561031442
2702.9571036110583
2575.126704398801
2458.141674914433
2350.682475365327
2252.1035373936484
2161.336565502007
2078.494817027101
2002.6010081458066
1932.3800961648656
1867.007329899382
1806.6436737448585
1751.7708194250913
1700.556906154892
1651.9866766578423
1606.032256351488
1562.6147181319157
1521.9311450606035
1483.1400726964987
1446.3678047534775
1411.6519213367862
1378.9408654347005
1347.3000187882371
1317.706722308945
1289.3245179634248
1262.0951541382772
1235.9776689787582
1211.2520085944948
1186.8578236256208
1163.804536230861
1141.5969555797135
1120.167857378802
1099.386287300037
1079.5983529096952
1060.310498316863
1041.7042440848747
1023.73413296852
1006.5797161650721
989.1847007722218
972.6025927958569
956.2467871360459
941.1197649627302
926.2548882535057
912.4611603342204
898.6947057168588
884.7784670011982
871.8885567264455
859.2628788658548
846.9355471366887
834.7024241153729
823.3118316871507
811.7535696580464
800.9843120233728
790.4893309897368
779.8442760438214
769.3301630974569
760.0555642870186
749.6061692465855
740.7968499336176
731.477011860964
722.5277880669273
714.1251001009713
705.1806975356961
696.6080633448913
689.1709210387378
680.7810490234492
673.6472554452611
666.2600394510144
659.3914672608771
651.2990736357658
644.1529362119965
636.9453524447597
630.961047329917
624.0245978050924
617.921515939539
611.8934355260509
605.545931150399
599.3782409076795
594.3581941890902
588.1850582314436
583.0824650341535
577.4805723835439
572.2052428739412
566.9875106275157
562.1014677151621
556.9878169873749
552.5386233888116
547.7258145565639
543.0019931410238
537.7348885958395
534.0553355852355
529.8150553721631
526.1469103988434
521.8700080868762
517.6227540429007
513.6962163995047
509.0714390219617
505.0619685901553
501.9626800949419
497.74408269380314
493.87551810773
490.7361456620964
487.59948815628906
483.28666333167973
480.14802715404886
476.7961178625695
473.97793916888025
470.3861218430605
467.35901181998287
464.0432680594275
461.1895050374556
458.1448564985161
455.0565783626436
452.24558324358856
449.9289191727141
446.58335107608747
443.82897001553965
441.1403395744863
438.9380834336792
436.11444281937
433.4718657352186
431.26838085819213
428.9654602991987
425.9194533245547
423.4224017968075
421.24949389013074
418.8243505368094
416.38803292055115
414.2211667265445
412.2416935077138
410.231866486081
408.32516417393
406.4685780129827
404.05150429463436
401.8097119000619
399.7409533806504
397.335447514597
395.8125601643351
393.48577823788844
391.67891220728234
389.5469891954096
387.4356471955355
385.88487387815604
383.77238551984016
381.97374537591645
380.2231083183044
378.47600714842656
376.5585581598397
374.8301461064841
373.45639877136534
372.1540456474483
369.67864396797415
368.14957235560036
366.4824285926941
365.21672217012963
363.35941696837153
361.50616872612045
359.88751757692165
358.7538053250627
356.75583159267165
355.03169730341455
353.6215960684877
352.0636190400402
350.48657768807135
349.3338732756863
348.4502875413483
346.8732901015134
345.80293148523975
344.3321295715293
343.2012624378426
342.1301889096547
340.3646926836045
338.9377404825204
337.6528391408983
336.6262413193464
335.1907191548505
333.99749303048316
332.5710446844363
331.6873632372495
330.147365608966
329.29069846344225
328.1699234442558
326.9566715152398
325.9955875619416
324.6420782983026
324.3026932586374
