4372.630518725717
4003.413840420708
3745.977654789266
3557.3871052457134
3413.6539840825076
3300.7002003916127
3209.7542920345118
3135.076660583154
3072.758938342112
3020.0501987182697
2974.9592447905666
2936.0097694753626
2902.0841519338546
2872.3206960468774
2846.0441959463947
2822.7179044607587
2801.9096067392793
2783.2672053708593
2766.5008522858216
2751.369670824596
2737.6717504408825
2725.236510550651
2713.9188036129617
2703.5943115543046
2694.1559154793604
2685.510805953965
2677.57816261942
2670.287275722747
2663.576013766512
2657.3895645499033
2651.679393878623
2646.402378881318
2641.5200823824557
2636.9981419909145
2632.805753072712
2628.9152290191164
2625.301625513275
2621.942418070573
2618.817224151036
2615.9075627437946
2613.1966455991464
2610.669195305784
2608.3112862338953
2606.1102050316817
2604.0543279054696
2602.133012357607
2600.336501421145
2598.655838731459
2597.082793024691
2595.609790860703
2594.2298565419637
2592.936558345511
2591.72396030784
2590.586578906233
2589.519344067915
2588.517564013243
2587.5768935028073
2586.693305113002
2585.8630632114077
2585.082700343627
2584.348995778063
2583.658955985151
2583.009796853721
2582.398927469822
2581.823935303154
2581.282572663502
2580.772744304719
2580.292496067051
2579.8400044602845
2579.413567100445
2579.011593921874
2578.6325990944906
2578.2751935831902
2577.938078292586
2577.620037745936
2577.3199342520684
2577.036702518557
2576.7693446733915
2576.516925660903
2576.2785689809275
2576.053452743003
2575.8408060099973
2575.639905407812
2575.4500719799635
2575.2706682676344
2575.1010955975134
2574.94079156129
2574.789227671992
2574.645907183682
2574.5103630620706
2574.382156094741
2574.2608731305136
2574.1461254384067
2574.037547177375
2573.934793968752
2573.837541563921
2573.745484600391
2573.658335439912
2573.5758230828405
2573.497692153333
2573.4237019504326
2573.3536255604276
2573.28724902626
2573.2243705700303
2573.1647998649933
2573.1083573536425
2573.0548736087967
2573.0041887347634
2572.9561518059268
2572.910620340244
2572.8674598053476
2572.8265431551094
2572.7877503946665
2572.750968172043
2572.716089394658
2572.683012869103
2572.6516429626895
2572.6218892853813
2572.593666390807
2572.5668934951495
2572.541494212772
2572.5173963075413
2572.494531458862
2572.47283504149
2572.452245918301
2572.432706245173
2572.41416128728
2572.3965592460545
2572.3798510961988
2572.363990432117
2572.348933323205
2572.3346381774463
2572.321065612842
2572.3081783361795
2572.2959410287067
2572.2843202383115
2572.2732842778037
2572.262803128958
2572.25284835195
2572.2433929999024
2572.2344115382066
2572.2258797683708
2572.217774756111
2572.2100747634463
2572.2027591845663
2572.19580848525
2572.1892041456317
2572.1829286061325
2572.1769652163484
2572.171298186768
2572.1659125431133
2572.160794083191
2572.155929336089
2572.151305523601
2572.146910523737
2572.1427328362242
2572.1387615498625
2572.13498631165
2572.131397297569
2572.127985184945
2572.1247411262893
2572.1216567245433
2572.118724009646
2572.115935416353
2572.113283763238
2572.1107622328145
2572.1083643527027
2572.1060839778124
2572.103915273452
2572.1018526993403
2572.0998909944547
2572.098025162688
2572.09625045925
2572.0945623777825
2572.09295663816
2572.09142917492
2572.089976126298
2572.0885938238403
2572.087278782555
2572.0860276915773
2572.0848374053135
2572.0837049350544
2572.0826274410174
2572.0816022248
2572.080626722226
2572.07969849656
2572.078815232073
2572.077974727933
2572.0771748924194
2572.0764137374285
2572.075689373261
2572.075000003676
2572.074343921204
2572.073719502693
2572.073125205081
2572.0725595613912
2572.072021176924
2572.0715087256485
2572.0710209467716
2572.0705566414867
