4374.664884444866
4002.4767540059033
3867.91117491152
3517.7741266163266
3228.236131875911
3023.1134756770857
2907.5716257406816
2865.3548253514227
2871.805285278832
2902.271557093354
2954.3449761234015
3007.899864163238
3065.2845337041244
3126.5636714579696
3190.7971848261
3256.62028842294
3322.6606048339986
3387.7367956273283
3450.921561757686
3511.536952413753
3569.122107485924
3623.393599583377
3674.2073053764943
3721.525171307501
3765.3876826697506
3805.8917493389654
3843.1733125168575
3877.3938838671547
3908.730273060456
3937.3668560355964
3963.4898437268257
3987.2831117695505
4008.925239153571
4028.587476632584
4046.432424939978
4062.613250362192
4077.273302981466
4090.5460327587853
4102.555122161067
4113.414772543913
4123.230096032372
4132.097576034833
4140.105568443218
4147.334822540577
4153.85900606857
4159.74522312839
4165.054516856671
4169.8423513358475
4174.159069126711
4178.050322276236
4181.557475756208
4184.717983107144
4187.565734659884
4190.131379133614
4192.442619703027
4194.524485819543
4196.39958218638
4198.088316343694
4199.609106333023
4200.978569891559
4202.211696585184
4203.322004232094
4204.321680901294
4205.221713696525
4206.03200545938
4206.761480447824
4207.4181799695925
4208.009348875514
4208.541513746182
4209.020553537444
4209.45176338602
4209.83991221651
4210.189294735039
4210.503778342836
4210.786845455101
4211.041631666216
4211.270960161815
4211.477372740978
4211.663157777754
4211.830375420212
4211.980880296846
4212.116341974424
4212.238263387931
4212.34799744201
4212.4467619639945
4212.535653171132
4212.615657798788
4212.687664022056
4212.752471290271
4212.81079918215
4212.8632953787255
4212.910542841683
4212.953066276036
4212.9913379482805
4213.025782924172
4213.056783783881
4213.084684866556
4213.109796091201
4213.132396396075
4213.1527368346415
4213.171043362338
4213.187519344985
4213.202347816617
4213.215693511758
4213.227704694635
4213.23851480559
4213.24824394301
4213.257000197109
4213.264880850443
4213.2719734584
4213.278356821731
4213.2841018618265
4213.289272408518
4213.293925909134
4213.298114066646
4213.301883414047
4213.305275831272
4213.308329010473
4213.311076874752
4213.313549955028
4213.315775729242
4213.317778927628
4213.319581807464
4213.321204400361
4213.322664734816
4213.323979036508
4213.325161908588
4213.326226493909
4213.327184621062
4213.328046935795
4213.328823019294
4213.329521494636
4213.3301501226
4213.330715887896
4213.331225076766
4213.33168334683
4213.332095789956
4213.332466988824
4213.332801067851
4213.333101739009
4213.3333723430815
4213.33361588677
4213.333835076109
4213.334032346529
4213.334209889919
4213.334369678982
4213.334513489145
4213.334642918298
4213.334759404544
4213.334864242166
4213.334958596033
4213.335043514515
4213.33511994115
4213.335188725123
4213.335250630701
4213.335306345723
4213.335356489244
4213.335401618412
4213.335442234666
4213.335478789295
4213.3355116884595
4213.33554129771
4213.335567946034
4213.335591929525
4213.33561351467
4213.335632941299
4213.335650425266
4213.335666160836
4213.335680322849
4213.33569306866
4213.335704539892
4213.335714863999
4213.335724155696
4213.335732518222
4213.3357400444975
4213.335746818145
4213.335752914428
4213.335758401081
4213.33576333907
4213.33576778326
4213.335771783031
4213.335775382825
4213.335778622639
4213.3357815384725
4213.335784162722
4213.335786524547
4213.335788650189
4213.335790563267
4213.335792285037
4213.335793834631
4213.3357952292645
4213.335796484435
4213.335797614089
4213.3357986307765
4213.335799545795
4213.335800369312
4213.335801110479
4213.335801777528
4213.335802377873
4213.335802918182
