6169.301826061555
4659.605705550929
3579.2776852793218
2719.8584186778708
2406.896030428876
2355.3985641039603
2349.6477146790035
2310.118731008965
2226.4772164477577
2110.1758338466348
1969.0536447329218
1830.5794852972938
1692.529856299284
1569.7861608245155
1469.8477418642763
1387.3687531553853
1307.9812148306698
1235.5492813480985
1156.3682511540385
1078.3878706312414
1003.0929633448822
940.060186783319
892.5660847224987
856.5366742338172
819.6779331574951
777.6061319987534
733.5459955222815
685.7986377824171
636.0452327267052
594.2093277601323
562.3096588830197
542.6304307734862
530.1720115824043
516.6922423096153
501.5311292417669
487.46030337678803
465.3127631431091
437.6957304518363
410.9479697862543
390.96541223742054
375.89182494468446
367.05108668612564
364.0629142440937
359.9434633361244
353.0862779348728
338.57677225355616
321.17688774574793
306.87976838828024
297.96313433902344
291.72140292558464
288.77173207196955
286.0017964231255
280.30002358616713
270.21158867124785
265.7056545984832
262.08005771532584
259.23524991647395
257.85302506972687
256.4588414929912
257.1834240535069
257.74774346928274
256.22237161615874
248.61508510564138
242.8719526717038
240.64591173603355
239.16318478873296
236.27165725661786
233.54473749705434
231.52852571464243
230.09794599906286
235.52579305564936
235.24096920647517
234.02745248622
225.75880158616187
218.8555031395993
220.26819220128536
222.58813328337772
223.13364108180278
226.5060885068921
226.76961815872872
230.1590865040195
228.41976636847764
226.79014996562918
228.3835719117404
227.88706707601472
224.64617420089763
221.54331942740794
218.08215262125674
215.64578497565847
215.36890063287694
217.04540605618925
221.09601366102748
223.06549188378716
221.70976760582738
215.4560507111574
215.14669622796782
217.11182103412816
222.2236972336059
224.19413294751865
222.55018645215424
219.73798166960748
221.69632801681175
222.2635920405816
222.36947770197523
221.07852103393952
217.31339662734442
212.67376450791198
211.97761699103606
211.2422654103604
211.36145405645397
211.46350584418838
214.72262620357355
215.0216710287832
213.27728497256655
208.95378158268872
208.4927413645171
209.25601079552357
212.07311463616892
212.94524267779232
213.84274875123228
218.7263026478335
221.09975617590837
220.7955410181137
218.76692490110392
217.33588719678235
216.10610384340202
213.86189901994706
212.87493274960758
210.00068009726857
205.898275554529
203.27514274879678
209.04711070899097
217.16394106966956
221.29724900852875
219.41909437773612
213.0446211287407
208.54828631196054
207.1191601639527
212.1226859448855
216.85458037565897
220.35242666213543
222.13744208232768
221.3690772602137
221.54401436869148
219.12438216571417
216.40965787099077
215.16650842603448
212.02593148190994
207.73631948452632
205.61241666698484
206.7528499139905
211.75404695745624
215.3420006308766
216.78733767893965
213.93225023875218
206.7196979202527
203.9877711840793
205.74934454869128
209.89453760606315
214.58296241530005
219.90018389390795
223.0256975736961
224.4985201861659
222.8422356760293
219.799897448616
215.4048456910541
209.54454381097202
203.30692567445
200.81226437979714
206.7348820897009
211.41101057373268
217.67071239514345
218.68360661524966
213.79602483691997
204.65737643029854
203.87276703525868
206.86768567298859
210.91627970307715
213.2147945427508
217.39401983384357
221.4124573746724
223.9418480119127
223.87561228978115
221.25167370699359
217.477099115064
211.99582119110252
206.7812414269457
203.53271207215562
205.62493830737736
210.04555913704652
214.35473764363772
214.63650645454257
210.85783419707604
208.87774079977078
205.31583898412174
203.18751165184796
206.19906495758963
211.72842704170685
217.60889930534884
220.6921995995824
