4226.118359873993
3868.924186164185
3740.8048357467283
3626.508843833092
3524.319338074387
3432.747610677412
3350.509788067909
3276.5004187661175
3209.7673287305056
3149.4891477832252
3094.9558100639756
3045.551898051642
3000.7425345744423
2960.0614804136117
2923.101102602412
2889.5039100043145
2858.955392945105
2831.177944787955
2805.925681574682
2782.980009577721
2762.145819352537
2743.2482087887756
2726.1296571498433
2710.647587689069
2696.6722686742564
2684.0850120549203
2672.7766360454266
2662.6461630169206
2653.599727705112
2645.549673232679
2638.4138141566336
2632.114846972023
2626.5798894568984
2621.7401310813143
2617.5305775103557
2613.889873043046
2610.7601856527353
2608.087140132834
2605.8197857177793
2603.910585472489
2602.3154157664158
2600.993565314112
2599.9077246060183
2599.023958083508
2598.3116531178352
2597.7434416936644
2597.2950926116837
2596.945373931655
2596.675887187829
2596.4708765329387
2596.317017321635
2596.2031896613303
2596.1202430912185
2596.060758778336
2596.018815451308
2595.989764764035
2595.9700209545836
2595.956868619415
2595.948291252181
2595.9428219948095
2595.9394169061143
2595.9373500457727
2595.9361288555565
2595.9354277285083
2595.9350372992512
2595.9348268515605
2595.9347172916005
2595.9346623333645
